  EFITD    07/24/96      #101522 , 150ms           3  65  65
 0.214000000E+01 0.440000000E+01 0.850000000E+00 0.100000000E-01 0.000000000E+00
 0.941142485E+00-0.183302910E-02-0.503665521E-01 0.389534361E-01-0.286668000E+00
 0.960219644E+06-0.503665521E-01 0.000000000E+00 0.941142485E+00 0.000000000E+00
-0.183302910E-02 0.000000000E+00 0.389534361E-01 0.000000000E+00 0.000000000E+00
-0.374905368E+00-0.371877807E+00-0.368860931E+00-0.365855358E+00-0.362861729E+00
-0.359880707E+00-0.356912979E+00-0.353959256E+00-0.351020275E+00-0.348096800E+00
-0.345189618E+00-0.342299548E+00-0.339427434E+00-0.336574151E+00-0.333740603E+00
-0.330927725E+00-0.328136483E+00-0.325367875E+00-0.322622934E+00-0.319902722E+00
-0.317208339E+00-0.314540919E+00-0.311901629E+00-0.309291675E+00-0.306712296E+00
-0.304164769E+00-0.301650409E+00-0.299170564E+00-0.296726624E+00-0.294320011E+00
-0.291952186E+00-0.289624645E+00-0.287338921E+00-0.285096580E+00-0.282899222E+00
-0.280748481E+00-0.278646021E+00-0.276593536E+00-0.274592748E+00-0.272645403E+00
-0.270753271E+00-0.268918144E+00-0.267141829E+00-0.265426147E+00-0.263772930E+00
-0.262184016E+00-0.260661246E+00-0.259206457E+00-0.257821480E+00-0.256508132E+00
-0.255268213E+00-0.254103499E+00-0.253015738E+00-0.252006641E+00-0.251077879E+00
-0.250231075E+00-0.249467798E+00-0.248789558E+00-0.248197799E+00-0.247693893E+00
-0.247279135E+00-0.246954737E+00-0.246721824E+00-0.246581427E+00-0.246534480E+00
 0.428003346E+04 0.427705909E+04 0.426796374E+04 0.425294479E+04 0.423219963E+04
 0.420592562E+04 0.417432017E+04 0.413758065E+04 0.409590445E+04 0.404948894E+04
 0.399853151E+04 0.394322954E+04 0.388378042E+04 0.382038153E+04 0.375323025E+04
 0.368252396E+04 0.360846005E+04 0.353123590E+04 0.345104889E+04 0.336809640E+04
 0.328257582E+04 0.319468453E+04 0.310461992E+04 0.301257936E+04 0.291876023E+04
 0.282335993E+04 0.272657584E+04 0.262860533E+04 0.252964579E+04 0.242989460E+04
 0.232954915E+04 0.222880681E+04 0.212786498E+04 0.202692103E+04 0.192617234E+04
 0.182581630E+04 0.172605030E+04 0.162707171E+04 0.152907792E+04 0.143226630E+04
 0.133683425E+04 0.124297915E+04 0.115089837E+04 0.106078930E+04 0.972849329E+03
 0.887275832E+03 0.804266195E+03 0.724017799E+03 0.646728029E+03 0.572594266E+03
 0.501813893E+03 0.434584293E+03 0.371102848E+03 0.311566942E+03 0.256173958E+03
 0.205121277E+03 0.158606284E+03 0.116826360E+03 0.799788876E+02 0.482612508E+02
 0.218708318E+02 0.100501338E+01-0.141388217E+02-0.233632907E+02-0.264710108E+02
-0.814679913E+00-0.805334250E+00-0.795896233E+00-0.786365134E+00-0.776740222E+00
-0.767020770E+00-0.757206048E+00-0.747295327E+00-0.737287879E+00-0.727182973E+00
-0.716979883E+00-0.706677877E+00-0.696276228E+00-0.685774206E+00-0.675171082E+00
-0.664466128E+00-0.653658615E+00-0.642747812E+00-0.631732993E+00-0.620613427E+00
-0.609388385E+00-0.598057139E+00-0.586618960E+00-0.575073118E+00-0.563418885E+00
-0.551655531E+00-0.539782329E+00-0.527798547E+00-0.515703459E+00-0.503496335E+00
-0.491176445E+00-0.478743061E+00-0.466195454E+00-0.453532894E+00-0.440754654E+00
-0.427860003E+00-0.414848214E+00-0.401718556E+00-0.388470302E+00-0.375102721E+00
-0.361615085E+00-0.348006666E+00-0.334276733E+00-0.320424559E+00-0.306449414E+00
-0.292350568E+00-0.278127295E+00-0.263778863E+00-0.249304544E+00-0.234703610E+00
-0.219975331E+00-0.205118978E+00-0.190133823E+00-0.175019135E+00-0.159774188E+00
-0.144398250E+00-0.128890594E+00-0.113250491E+00-0.974772107E-01-0.815700251E-01
-0.655282049E-01-0.493510214E-01-0.330377453E-01-0.165876479E-01 0.000000000E+00
 0.970670909E+02-0.435948426E+04-0.867460594E+04-0.128482980E+05-0.168805603E+05
-0.207713930E+05-0.245207959E+05-0.281287693E+05-0.315953129E+05-0.349204269E+05
-0.381041112E+05-0.411463658E+05-0.440471908E+05-0.468065861E+05-0.494245517E+05
-0.519010876E+05-0.542361939E+05-0.564298705E+05-0.584821174E+05-0.603929347E+05
-0.621623222E+05-0.637902801E+05-0.652768084E+05-0.666219069E+05-0.678255758E+05
-0.688878150E+05-0.698086246E+05-0.705880045E+05-0.712259546E+05-0.717224752E+05
-0.720775660E+05-0.722912272E+05-0.723634587E+05-0.722942606E+05-0.720836327E+05
-0.717315752E+05-0.712380880E+05-0.706031712E+05-0.698268247E+05-0.689090485E+05
-0.678498426E+05-0.666492070E+05-0.653071418E+05-0.638236469E+05-0.621987224E+05
-0.604323682E+05-0.585245843E+05-0.564753707E+05-0.542847274E+05-0.519526545E+05
-0.494791519E+05-0.468642196E+05-0.441078577E+05-0.412100661E+05-0.381708448E+05
-0.349901939E+05-0.316681132E+05-0.282046029E+05-0.245996630E+05-0.208532933E+05
-0.169654940E+05-0.129362650E+05-0.876560634E+04-0.445351801E+04 0.000000000E+00
 0.731733332E-04 0.135370777E-02 0.402570745E-02 0.743909758E-02 0.104838497E-01
 0.127477852E-01 0.143904084E-01 0.155917632E-01 0.164884815E-01 0.171749877E-01
 0.177158549E-01 0.181567594E-01 0.185319658E-01 0.188690960E-01 0.191921955E-01
 0.195238778E-01 0.198870538E-01 0.203064946E-01 0.208102320E-01 0.214305594E-01
 0.222041816E-01 0.231709700E-01 0.243709741E-01 0.258399285E-01 0.276042516E-01
 0.296769935E-01 0.320560202E-01 0.347249748E-01 0.376565548E-01 0.408168624E-01
 0.441694346E-01 0.476780704E-01 0.513082776E-01 0.550276449E-01 0.588055837E-01
 0.626128181E-01 0.664208801E-01 0.702017530E-01 0.739277331E-01 0.775715306E-01
 0.811065973E-01 0.845076454E-01 0.877512996E-01 0.908168096E-01 0.936867395E-01
 0.963475527E-01 0.987900185E-01 0.101009393E+00 0.103005351E+00 0.104781687E+00
 0.106345810E+00 0.107708106E+00 0.108881223E+00 0.109879348E+00 0.110717527E+00
 0.111411070E+00 0.111975056E+00 0.112423959E+00 0.112771375E+00 0.113029846E+00
 0.113210772E+00 0.113324383E+00 0.113379754E+00 0.113384868E+00 0.113346681E+00
 0.133686415E-03 0.252664383E-02 0.795462434E-02 0.165690092E-01 0.208970977E-01
 0.216631275E-01 0.219688934E-01 0.220765588E-01 0.220834038E-01 0.220306546E-01
 0.219394900E-01 0.218239014E-01 0.216956557E-01 0.215662532E-01 0.214475939E-01
 0.213524883E-01 0.212958372E-01 0.212967940E-01 0.213818784E-01 0.215886780E-01
 0.219690396E-01 0.225894846E-01 0.235258768E-01 0.248512843E-01 0.266204852E-01
 0.288572651E-01 0.315493166E-01 0.346527568E-01 0.381045796E-01 0.418370905E-01
 0.457880394E-01 0.499045402E-01 0.541426368E-01 0.584650060E-01 0.628383805E-01
 0.672313753E-01 0.716129198E-01 0.759513045E-01 0.802137981E-01 0.843667832E-01
 0.883763513E-01 0.922092841E-01 0.958343140E-01 0.992235237E-01 0.102353715E+00
 0.105207571E+00 0.107774453E+00 0.110050726E+00 0.112039582E+00 0.113750390E+00
 0.115197687E+00 0.116399946E+00 0.117378271E+00 0.118155155E+00 0.118753396E+00
 0.119195223E+00 0.119501649E+00 0.119692050E+00 0.119783917E+00 0.119792774E+00
 0.119732191E+00 0.119613880E+00 0.119447841E+00 0.119242532E+00 0.119005039E+00
 0.191455909E-03 0.363578438E-02 0.115632383E-01 0.244157287E-01 0.337785724E-01
 0.320206619E-01 0.302179231E-01 0.289133069E-01 0.278771324E-01 0.269986424E-01
 0.262165067E-01 0.254955136E-01 0.248176949E-01 0.241771206E-01 0.235725734E-01
 0.230020143E-01 0.224633366E-01 0.219572965E-01 0.214930439E-01 0.210981027E-01
 0.208334512E-01 0.208128151E-01 0.212069041E-01 0.222026475E-01 0.239391834E-01
 0.264692939E-01 0.297435844E-01 0.336207938E-01 0.379261272E-01 0.425155297E-01
 0.472929261E-01 0.521981985E-01 0.571920456E-01 0.622452139E-01 0.673317991E-01
 0.724252274E-01 0.774959149E-01 0.825100553E-01 0.874292777E-01 0.922110872E-01
 0.968100577E-01 0.101179736E+00 0.105275134E+00 0.109055557E+00 0.112487442E+00
 0.115546770E+00 0.118220699E+00 0.120508153E+00 0.122419288E+00 0.123973991E+00
 0.125199681E+00 0.126128798E+00 0.126796336E+00 0.127237682E+00 0.127486931E+00
 0.127575712E+00 0.127532481E+00 0.127382213E+00 0.127146377E+00 0.126843103E+00
 0.126487476E+00 0.126091871E+00 0.125666319E+00 0.125218851E+00 0.124755819E+00
 0.226065613E-03 0.428105677E-02 0.135183373E-01 0.281934609E-01 0.391964027E-01
 0.380148610E-01 0.359728530E-01 0.341951249E-01 0.326398626E-01 0.312497109E-01
 0.299704367E-01 0.287543993E-01 0.275673553E-01 0.264327855E-01 0.253819104E-01
 0.243697486E-01 0.233717672E-01 0.223525546E-01 0.212627254E-01 0.200720957E-01
 0.187472226E-01 0.173440866E-01 0.163241258E-01 0.165020143E-01 0.180848747E-01
 0.212265737E-01 0.259330547E-01 0.315329728E-01 0.373272453E-01 0.431493038E-01
 0.489736278E-01 0.548058817E-01 0.606557696E-01 0.665282652E-01 0.724201770E-01
 0.783185242E-01 0.841996046E-01 0.900284762E-01 0.957589456E-01 0.101334350E+00
 0.106689482E+00 0.111753921E+00 0.116456808E+00 0.120732685E+00 0.124527636E+00
 0.127804654E+00 0.130547216E+00 0.132760331E+00 0.134468919E+00 0.135713980E+00
 0.136547435E+00 0.137026710E+00 0.137209935E+00 0.137152296E+00 0.136903681E+00
 0.136507490E+00 0.136000327E+00 0.135412293E+00 0.134767603E+00 0.134085366E+00
 0.133380382E+00 0.132663901E+00 0.131944300E+00 0.131227659E+00 0.130518258E+00
 0.243040637E-03 0.459294440E-02 0.144353531E-01 0.298324191E-01 0.416492125E-01
 0.410434286E-01 0.393145565E-01 0.376285651E-01 0.360130186E-01 0.344696583E-01
 0.329807281E-01 0.315093112E-01 0.299899058E-01 0.285206716E-01 0.272569535E-01
 0.258828591E-01 0.243746524E-01 0.228521942E-01 0.212339182E-01 0.194507965E-01
 0.170993100E-01 0.138102988E-01 0.938067466E-02 0.943148924E-02 0.104968387E-01
 0.139548803E-01 0.218304571E-01 0.301547960E-01 0.376257607E-01 0.446465714E-01
 0.514331340E-01 0.581156507E-01 0.647747069E-01 0.714581759E-01 0.781895819E-01
 0.849718552E-01 0.917883949E-01 0.986026031E-01 0.105356855E+00 0.111971980E+00
 0.118348555E+00 0.124371392E+00 0.129918141E+00 0.134871751E+00 0.139134879E+00
 0.142643097E+00 0.145373593E+00 0.147347148E+00 0.148622955E+00 0.149287897E+00
 0.149443327E+00 0.149192705E+00 0.148632373E+00 0.147846184E+00 0.146903484E+00
 0.145859363E+00 0.144756175E+00 0.143625547E+00 0.142490444E+00 0.141367020E+00
 0.140266207E+00 0.139194993E+00 0.138157443E+00 0.137155489E+00 0.136189538E+00
 0.251355957E-03 0.474582758E-02 0.148869650E-01 0.307560427E-01 0.429351822E-01
 0.426988880E-01 0.412700944E-01 0.397847135E-01 0.382780143E-01 0.367797220E-01
 0.353026474E-01 0.338425172E-01 0.323892470E-01 0.309391847E-01 0.294698550E-01
 0.279215478E-01 0.262362870E-01 0.244782515E-01 0.225173335E-01 0.203370653E-01
 0.184068081E-01 0.154383287E-01 0.106528182E-01 0.114765677E-01 0.126850129E-01
 0.161709987E-01 0.243682130E-01 0.328863266E-01 0.406139471E-01 0.479710574E-01
 0.551754859E-01 0.623614187E-01 0.696166368E-01 0.769986486E-01 0.845420005E-01
 0.922605410E-01 0.100146167E+00 0.108164745E+00 0.116249766E+00 0.124294897E+00
 0.132148070E+00 0.139611945E+00 0.146456710E+00 0.152448218E+00 0.157386502E+00
 0.161142770E+00 0.163683285E+00 0.165073605E+00 0.165461627E+00 0.165044080E+00
 0.164028346E+00 0.162602790E+00 0.160921584E+00 0.159101836E+00 0.157227648E+00
 0.155356656E+00 0.153526545E+00 0.151760553E+00 0.150071743E+00 0.148466176E+00
 0.146945200E+00 0.145507079E+00 0.144148131E+00 0.142863529E+00 0.141647844E+00
 0.255752391E-03 0.482702997E-02 0.151295224E-01 0.311595240E-01 0.436723074E-01
 0.436621792E-01 0.424540046E-01 0.411475105E-01 0.397778176E-01 0.383850009E-01
 0.369963557E-01 0.356189850E-01 0.342517194E-01 0.328957659E-01 0.315423802E-01
 0.301763902E-01 0.287780257E-01 0.273096581E-01 0.257606991E-01 0.244633751E-01
 0.233099614E-01 0.222825414E-01 0.217432834E-01 0.223730496E-01 0.244217642E-01
 0.280389276E-01 0.332162392E-01 0.394024447E-01 0.459981635E-01 0.528396446E-01
 0.599091067E-01 0.672292702E-01 0.748353938E-01 0.827654802E-01 0.910550473E-01
 0.997326214E-01 0.108813926E+00 0.118292771E+00 0.128126086E+00 0.138210169E+00
 0.148346922E+00 0.158207812E+00 0.167325711E+00 0.175161533E+00 0.181239683E+00
 0.185265668E+00 0.187184067E+00 0.187192516E+00 0.185700549E+00 0.183207605E+00
 0.180160411E+00 0.176884047E+00 0.173586172E+00 0.170387850E+00 0.167353367E+00
 0.164511897E+00 0.161871686E+00 0.159428940E+00 0.157173267E+00 0.155090979E+00
 0.153167066E+00 0.151386354E+00 0.149734179E+00 0.148196746E+00 0.146761312E+00
 0.258321028E-03 0.487467345E-02 0.152732122E-01 0.314396657E-01 0.441085216E-01
 0.442614803E-01 0.431993876E-01 0.420038422E-01 0.407016522E-01 0.393787423E-01
 0.381189656E-01 0.368437751E-01 0.355689640E-01 0.344092448E-01 0.332778653E-01
 0.321591842E-01 0.312131017E-01 0.303646223E-01 0.294997096E-01 0.287508450E-01
 0.280643759E-01 0.285348993E-01 0.294325466E-01 0.310030481E-01 0.334399536E-01
 0.366966288E-01 0.408452482E-01 0.458295671E-01 0.515151699E-01 0.577967131E-01
 0.646003689E-01 0.718956859E-01 0.796928633E-01 0.880270452E-01 0.969496437E-01
 0.106523778E+00 0.116821010E+00 0.127917602E+00 0.139884876E+00 0.152763564E+00
 0.166498776E+00 0.180774743E+00 0.194648392E+00 0.206387567E+00 0.214718350E+00
 0.219048909E+00 0.219267513E+00 0.215727250E+00 0.209798852E+00 0.203182720E+00
 0.196751429E+00 0.190818138E+00 0.185462111E+00 0.180670859E+00 0.176397852E+00
 0.172586638E+00 0.169180970E+00 0.166128813E+00 0.163383641E+00 0.160904540E+00
 0.158655834E+00 0.156606541E+00 0.154729803E+00 0.153002360E+00 0.151404077E+00
 0.260019560E-03 0.490633999E-02 0.153698553E-01 0.316871647E-01 0.443790117E-01
 0.446945856E-01 0.437533405E-01 0.426435637E-01 0.413496452E-01 0.399823434E-01
 0.391365395E-01 0.380058410E-01 0.365706145E-01 0.359378997E-01 0.350880442E-01
 0.338938615E-01 0.336413324E-01 0.335099391E-01 0.333092580E-01 0.331624565E-01
 0.331940079E-01 0.338732840E-01 0.352802782E-01 0.371336184E-01 0.394944862E-01
 0.422156663E-01 0.458223208E-01 0.502247532E-01 0.554257950E-01 0.616114007E-01
 0.682766029E-01 0.754960430E-01 0.833620729E-01 0.919122899E-01 0.101239483E+00
 0.111453326E+00 0.122686319E+00 0.135123651E+00 0.149026255E+00 0.164764301E+00
 0.182881663E+00 0.204267133E+00 0.230935094E+00 0.250898198E+00 0.263647801E+00
 0.266666368E+00 0.267579714E+00 0.251510427E+00 0.234111443E+00 0.220922769E+00
 0.210368786E+00 0.201713401E+00 0.194495668E+00 0.188396089E+00 0.183183177E+00
 0.178684312E+00 0.174767733E+00 0.171330818E+00 0.168292230E+00 0.165586544E+00
 0.163160461E+00 0.160970117E+00 0.158979110E+00 0.157157033E+00 0.155478363E+00
 0.261278839E-03 0.492998639E-02 0.154432651E-01 0.317642685E-01 0.446057676E-01
 0.450734267E-01 0.442938760E-01 0.434037249E-01 0.424880338E-01 0.415788914E-01
 0.406815563E-01 0.398046738E-01 0.389761066E-01 0.382365395E-01 0.376021772E-01
 0.371014248E-01 0.367863905E-01 0.366729040E-01 0.367584320E-01 0.370732422E-01
 0.376838221E-01 0.386686163E-01 0.400788058E-01 0.419307366E-01 0.442253424E-01
 0.469487119E-01 0.500469037E-01 0.536940354E-01 0.589857616E-01 0.647491818E-01
 0.708469395E-01 0.777071344E-01 0.853684046E-01 0.935760647E-01 0.103031063E+00
 0.113448362E+00 0.124952628E+00 0.137791584E+00 0.152295460E+00 0.168969681E+00
 0.188588647E+00 0.212339124E+00 0.241772857E+00 0.264109766E+00 0.278061302E+00
 0.281486187E+00 0.280910244E+00 0.263000297E+00 0.242818185E+00 0.227479757E+00
 0.215598038E+00 0.206140991E+00 0.198436774E+00 0.192042540E+00 0.186655151E+00
 0.182058943E+00 0.178095180E+00 0.174643644E+00 0.171611109E+00 0.168923883E+00
 0.166522813E+00 0.164359831E+00 0.162395516E+00 0.160597309E+00 0.158938194E+00
 0.262229998E-03 0.494793784E-02 0.154996476E-01 0.319410355E-01 0.448087381E-01
 0.453860609E-01 0.447540136E-01 0.440586847E-01 0.433270513E-01 0.425846927E-01
 0.418534743E-01 0.411550546E-01 0.405132156E-01 0.399536612E-01 0.395030268E-01
 0.391890692E-01 0.390401452E-01 0.390837823E-01 0.393481463E-01 0.398657031E-01
 0.406741925E-01 0.418132157E-01 0.433193412E-01 0.452240266E-01 0.475561627E-01
 0.503493867E-01 0.536550495E-01 0.575476798E-01 0.620801164E-01 0.672380581E-01
 0.729933492E-01 0.793452337E-01 0.862929489E-01 0.938142801E-01 0.102368164E+00
 0.112341331E+00 0.123225605E+00 0.135256477E+00 0.148504694E+00 0.163359954E+00
 0.180098539E+00 0.199082572E+00 0.220434441E+00 0.237346285E+00 0.248449868E+00
 0.252718212E+00 0.252167771E+00 0.242534290E+00 0.229997493E+00 0.219335039E+00
 0.210396086E+00 0.202884051E+00 0.196535825E+00 0.191134771E+00 0.186506264E+00
 0.182510233E+00 0.179034022E+00 0.175986476E+00 0.173293319E+00 0.170893614E+00
 0.168737084E+00 0.166782062E+00 0.164993918E+00 0.163343836E+00 0.161807839E+00
 0.262868874E-03 0.496000836E-02 0.155376264E-01 0.319814040E-01 0.449637871E-01
 0.455919189E-01 0.450429942E-01 0.444339885E-01 0.438235620E-01 0.432063451E-01
 0.425954565E-01 0.420160735E-01 0.414924905E-01 0.410494714E-01 0.407125989E-01
 0.405083058E-01 0.404638094E-01 0.406071094E-01 0.409671809E-01 0.415742023E-01
 0.424594258E-01 0.436545526E-01 0.451909897E-01 0.470995939E-01 0.494112311E-01
 0.521577814E-01 0.553722678E-01 0.590862743E-01 0.633250642E-01 0.681052946E-01
 0.734389216E-01 0.793402674E-01 0.858341033E-01 0.929700808E-01 0.100838904E+00
 0.109507983E+00 0.118944164E+00 0.129114496E+00 0.140035948E+00 0.151752814E+00
 0.163938681E+00 0.176451259E+00 0.188417806E+00 0.198666587E+00 0.206329309E+00
 0.210899904E+00 0.212283403E+00 0.210834593E+00 0.207424160E+00 0.203097515E+00
 0.198580729E+00 0.194245605E+00 0.190249210E+00 0.186638414E+00 0.183406953E+00
 0.180524638E+00 0.177952105E+00 0.175648163E+00 0.173573353E+00 0.171691550E+00
 0.169970571E+00 0.168382277E+00 0.166902414E+00 0.165510349E+00 0.164188744E+00
 0.263170468E-03 0.496571272E-02 0.155556279E-01 0.320073535E-01 0.450257159E-01
 0.456919951E-01 0.451892666E-01 0.446434344E-01 0.440779802E-01 0.435101536E-01
 0.429552032E-01 0.424323722E-01 0.419632912E-01 0.415711306E-01 0.412803318E-01
 0.411164303E-01 0.411058819E-01 0.412758926E-01 0.416542433E-01 0.422690935E-01
 0.431487361E-01 0.443213085E-01 0.458145101E-01 0.476553848E-01 0.498701694E-01
 0.524840848E-01 0.555208855E-01 0.590021236E-01 0.629464505E-01 0.673695464E-01
 0.722850328E-01 0.777061122E-01 0.836470862E-01 0.901226973E-01 0.971341812E-01
 0.104664095E+00 0.112699686E+00 0.121190900E+00 0.130053887E+00 0.139152385E+00
 0.148282862E+00 0.157169210E+00 0.165359916E+00 0.172632532E+00 0.178734133E+00
 0.183168319E+00 0.185978548E+00 0.187278713E+00 0.187357539E+00 0.186571409E+00
 0.185250168E+00 0.183648689E+00 0.181940305E+00 0.180231910E+00 0.178583145E+00
 0.177022444E+00 0.175558647E+00 0.174188885E+00 0.172903751E+00 0.171690655E+00
 0.170535955E+00 0.169426301E+00 0.168349439E+00 0.167294662E+00 0.166253017E+00
 0.263116147E-03 0.496469360E-02 0.155524967E-01 0.320815528E-01 0.450027503E-01
 0.456790331E-01 0.451745075E-01 0.446294793E-01 0.440693881E-01 0.435084314E-01
 0.429579883E-01 0.424351438E-01 0.419600073E-01 0.415547987E-01 0.412434503E-01
 0.410512496E-01 0.410044887E-01 0.411301104E-01 0.414552904E-01 0.420070383E-01
 0.428118560E-01 0.438954675E-01 0.452825753E-01 0.469965906E-01 0.490593768E-01
 0.514909880E-01 0.543093682E-01 0.575300185E-01 0.611657026E-01 0.652262486E-01
 0.697184255E-01 0.746457225E-01 0.800076688E-01 0.857977764E-01 0.919981605E-01
 0.985762358E-01 0.105449035E+00 0.112597383E+00 0.119927937E+00 0.127320131E+00
 0.134621059E+00 0.141647753E+00 0.148200539E+00 0.154082230E+00 0.159095650E+00
 0.163268777E+00 0.166571956E+00 0.169021460E+00 0.170812794E+00 0.172030857E+00
 0.172805762E+00 0.173234588E+00 0.173403032E+00 0.173382385E+00 0.173226868E+00
 0.172974646E+00 0.172650571E+00 0.172269306E+00 0.171838251E+00 0.171360014E+00
 0.170834381E+00 0.170259812E+00 0.169634505E+00 0.168957115E+00 0.168227169E+00
 0.262703730E-03 0.495687351E-02 0.155277414E-01 0.319405453E-01 0.449229186E-01
 0.455436662E-01 0.449869923E-01 0.443916239E-01 0.438035674E-01 0.432152653E-01
 0.426253378E-01 0.420500250E-01 0.415096830E-01 0.410272607E-01 0.406276667E-01
 0.403372893E-01 0.401835543E-01 0.401946556E-01 0.403985641E-01 0.408222905E-01
 0.414914038E-01 0.424299662E-01 0.436605196E-01 0.452036058E-01 0.470775080E-01
 0.492981457E-01 0.518789006E-01 0.548303177E-01 0.581597992E-01 0.618712602E-01
 0.659646772E-01 0.704354498E-01 0.752734621E-01 0.804617651E-01 0.859748493E-01
 0.917772536E-01 0.978358342E-01 0.104007723E+00 0.110303610E+00 0.116619463E+00
 0.122845049E+00 0.128862695E+00 0.134551663E+00 0.139796425E+00 0.144495964E+00
 0.148566933E+00 0.151941654E+00 0.154587023E+00 0.156594900E+00 0.159425793E+00
 0.161853238E+00 0.163909866E+00 0.165632670E+00 0.167062098E+00 0.168236395E+00
 0.169188343E+00 0.169943627E+00 0.170521076E+00 0.170933938E+00 0.171191496E+00
 0.171300646E+00 0.171267235E+00 0.171097060E+00 0.170796535E+00 0.170373038E+00
 0.261986407E-03 0.494320484E-02 0.154839378E-01 0.318927882E-01 0.447885454E-01
 0.452761262E-01 0.445855279E-01 0.438806143E-01 0.433110732E-01 0.426703778E-01
 0.419943854E-01 0.413087848E-01 0.406382520E-01 0.400085145E-01 0.394471320E-01
 0.389831704E-01 0.386460554E-01 0.384690726E-01 0.384836427E-01 0.387183131E-01
 0.391975416E-01 0.399434096E-01 0.409779680E-01 0.423196161E-01 0.439831688E-01
 0.459808493E-01 0.483224503E-01 0.510145332E-01 0.540602134E-01 0.574589303E-01
 0.612060062E-01 0.652921295E-01 0.697026981E-01 0.744170132E-01 0.794073293E-01
 0.846377136E-01 0.900628458E-01 0.956295399E-01 0.101286965E+00 0.106967008E+00
 0.112592867E+00 0.118084419E+00 0.123362588E+00 0.128352062E+00 0.132984777E+00
 0.137202323E+00 0.140957589E+00 0.144219462E+00 0.146994973E+00 0.149295934E+00
 0.152665773E+00 0.156149862E+00 0.159222719E+00 0.161908860E+00 0.164251857E+00
 0.166283469E+00 0.168026467E+00 0.169496664E+00 0.170705217E+00 0.171660813E+00
 0.172371540E+00 0.172846311E+00 0.173095792E+00 0.173132838E+00 0.172972485E+00
 0.261111784E-03 0.492654644E-02 0.154305344E-01 0.317613637E-01 0.446068244E-01
 0.449243965E-01 0.441202471E-01 0.434648304E-01 0.427464181E-01 0.419588785E-01
 0.411180782E-01 0.402465469E-01 0.393684592E-01 0.385096129E-01 0.377015967E-01
 0.369806831E-01 0.363826492E-01 0.359428774E-01 0.356954391E-01 0.356722461E-01
 0.359023050E-01 0.364111981E-01 0.372203084E-01 0.383450211E-01 0.397920876E-01
 0.415691125E-01 0.436854192E-01 0.461441769E-01 0.489448674E-01 0.520839788E-01
 0.555540034E-01 0.593433259E-01 0.634358815E-01 0.678107744E-01 0.724419488E-01
 0.772979504E-01 0.823418953E-01 0.875316732E-01 0.928205703E-01 0.981591269E-01
 0.103496511E+00 0.108772192E+00 0.113925816E+00 0.118907690E+00 0.123674175E+00
 0.128188832E+00 0.132424318E+00 0.136364841E+00 0.140006790E+00 0.143346623E+00
 0.146348240E+00 0.150492628E+00 0.154648281E+00 0.158382768E+00 0.161734288E+00
 0.164727938E+00 0.167373052E+00 0.169671449E+00 0.171622256E+00 0.173225321E+00
 0.174483775E+00 0.175405746E+00 0.176005152E+00 0.176301602E+00 0.176319553E+00
 0.260232066E-03 0.490996494E-02 0.153787973E-01 0.316317810E-01 0.444126476E-01
 0.447070305E-01 0.439086376E-01 0.430535818E-01 0.421152964E-01 0.410988534E-01
 0.400155127E-01 0.388813025E-01 0.377163763E-01 0.365557651E-01 0.354361192E-01
 0.343955242E-01 0.334725419E-01 0.327054255E-01 0.321313162E-01 0.317854535E-01
 0.317004119E-01 0.319053598E-01 0.324252809E-01 0.332801329E-01 0.344841323E-01
 0.360456204E-01 0.379653175E-01 0.402320672E-01 0.428385885E-01 0.457824659E-01
 0.490536058E-01 0.526393231E-01 0.565235159E-01 0.606863315E-01 0.651043732E-01
 0.697507649E-01 0.745953462E-01 0.796049532E-01 0.847437201E-01 0.899731892E-01
 0.952505987E-01 0.100522038E+00 0.105735447E+00 0.110864344E+00 0.115888473E+00
 0.120785617E+00 0.125536615E+00 0.130127744E+00 0.134551591E+00 0.138812225E+00
 0.142980361E+00 0.147409957E+00 0.152139394E+00 0.156700571E+00 0.160949357E+00
 0.164847684E+00 0.168365618E+00 0.171473293E+00 0.174143760E+00 0.176357181E+00
 0.178104605E+00 0.179390407E+00 0.180232837E+00 0.180662622E+00 0.180720059E+00
 0.259340769E-03 0.489326687E-02 0.153273233E-01 0.316325575E-01 0.442051787E-01
 0.444520891E-01 0.435409117E-01 0.424938779E-01 0.413257955E-01 0.400487465E-01
 0.386744638E-01 0.372202389E-01 0.357194209E-01 0.342087792E-01 0.327275248E-01
 0.313164421E-01 0.300170135E-01 0.288705724E-01 0.279174857E-01 0.271963662E-01
 0.267433190E-01 0.265912164E-01 0.267689951E-01 0.273009704E-01 0.282061798E-01
 0.294977398E-01 0.311820703E-01 0.332581626E-01 0.357177136E-01 0.385425725E-01
 0.416982034E-01 0.451743336E-01 0.489561731E-01 0.530239893E-01 0.573567428E-01
 0.619312610E-01 0.667227915E-01 0.717054847E-01 0.768532512E-01 0.821416385E-01
 0.875555848E-01 0.931085399E-01 0.983937246E-01 0.103757396E+00 0.109121049E+00
 0.114461026E+00 0.119761859E+00 0.125012210E+00 0.130204345E+00 0.135333989E+00
 0.140414015E+00 0.145683150E+00 0.151267197E+00 0.156738282E+00 0.161961649E+00
 0.166857785E+00 0.171347127E+00 0.175350414E+00 0.178795170E+00 0.181624921E+00
 0.183808186E+00 0.185344170E+00 0.186263160E+00 0.186621486E+00 0.186492796E+00
 0.258305486E-03 0.487384543E-02 0.152674830E-01 0.314071658E-01 0.440124355E-01
 0.441741009E-01 0.430606216E-01 0.417926434E-01 0.403732287E-01 0.388081735E-01
 0.371083651E-01 0.353059770E-01 0.334375351E-01 0.315429641E-01 0.296646819E-01
 0.278467151E-01 0.261338278E-01 0.245706734E-01 0.232009791E-01 0.220667710E-01
 0.212076454E-01 0.206600861E-01 0.204568257E-01 0.206262425E-01 0.211917849E-01
 0.221714046E-01 0.235769752E-01 0.254136961E-01 0.276794730E-01 0.303640607E-01
 0.334483142E-01 0.369049363E-01 0.406915355E-01 0.447731271E-01 0.491347076E-01
 0.537546571E-01 0.586119396E-01 0.636852395E-01 0.689535052E-01 0.743961577E-01
 0.799933700E-01 0.857385032E-01 0.915509770E-01 0.972000248E-01 0.102972783E+00
 0.108805571E+00 0.114688092E+00 0.120614471E+00 0.126578348E+00 0.132565982E+00
 0.138537128E+00 0.144777893E+00 0.151577425E+00 0.158259116E+00 0.164749723E+00
 0.170948432E+00 0.176717166E+00 0.181896104E+00 0.186323453E+00 0.189863600E+00
 0.192436543E+00 0.194036945E+00 0.194734310E+00 0.194654422E+00 0.193950706E+00
 0.257030892E-03 0.484964088E-02 0.151903658E-01 0.312749841E-01 0.437273834E-01
 0.437116726E-01 0.424394900E-01 0.409611090E-01 0.392798610E-01 0.374052032E-01
 0.353655982E-01 0.331978473E-01 0.309425466E-01 0.286434451E-01 0.263466602E-01
 0.240998343E-01 0.219512774E-01 0.199491238E-01 0.181405238E-01 0.165708846E-01
 0.152831696E-01 0.143172610E-01 0.137093834E-01 0.134915817E-01 0.136912428E-01
 0.143306419E-01 0.154264937E-01 0.169894861E-01 0.190237705E-01 0.215263824E-01
 0.244866091E-01 0.278853072E-01 0.316938350E-01 0.358739815E-01 0.403737574E-01
 0.451425834E-01 0.501670480E-01 0.554280973E-01 0.609084810E-01 0.665922258E-01
 0.724643494E-01 0.785104844E-01 0.847344683E-01 0.909311303E-01 0.971420196E-01
 0.103490027E+00 0.109967118E+00 0.116581070E+00 0.123339931E+00 0.130258209E+00
 0.137392583E+00 0.144908900E+00 0.152855688E+00 0.161015100E+00 0.169210265E+00
 0.177278909E+00 0.184992082E+00 0.192029188E+00 0.198005147E+00 0.202558410E+00
 0.205467176E+00 0.206727639E+00 0.206551504E+00 0.205283343E+00 0.203286083E+00
 0.255629826E-03 0.482318028E-02 0.151074059E-01 0.311090563E-01 0.434409442E-01
 0.432803231E-01 0.417905723E-01 0.400638133E-01 0.380948505E-01 0.358982085E-01
 0.335086638E-01 0.309661720E-01 0.283148948E-01 0.256022971E-01 0.228782369E-01
 0.201940515E-01 0.176016573E-01 0.151526816E-01 0.128976430E-01 0.108851981E-01
 0.916146146E-02 0.776940741E-02 0.674835175E-02 0.613350782E-02 0.595560439E-02
 0.624054734E-02 0.700910171E-02 0.827656681E-02 0.100524137E-01 0.123398541E-01
 0.151353117E-01 0.184277668E-01 0.221979403E-01 0.264173601E-01 0.310471300E-01
 0.360371525E-01 0.413222048E-01 0.468539049E-01 0.526211452E-01 0.586131497E-01
 0.648223144E-01 0.712454414E-01 0.778874609E-01 0.847614521E-01 0.914229693E-01
 0.982236875E-01 0.105260936E+00 0.112534315E+00 0.120060146E+00 0.127848127E+00
 0.135824271E+00 0.144259752E+00 0.154201483E+00 0.164250478E+00 0.174705604E+00
 0.185540229E+00 0.196544990E+00 0.207175745E+00 0.216384614E+00 0.222923266E+00
 0.226045581E+00 0.225773037E+00 0.222918047E+00 0.218715895E+00 0.214095932E+00
 0.254144296E-03 0.479513557E-02 0.150194948E-01 0.308906724E-01 0.431132193E-01
 0.428103913E-01 0.411066229E-01 0.391253674E-01 0.368610873E-01 0.343402154E-01
 0.315996985E-01 0.286825458E-01 0.256363943E-01 0.225123633E-01 0.193640065E-01
 0.162463097E-01 0.132147285E-01 0.103242783E-01 0.762869125E-02 0.517965496E-02
 0.302614508E-02 0.121385701E-02-0.215262322E-03-0.122338834E-02-0.177711119E-02
-0.184766540E-02-0.141112207E-02-0.448574245E-03 0.105364963E-02 0.310370584E-02
 0.570384992E-02 0.884990676E-02 0.125305627E-01 0.167264588E-01 0.214090735E-01
 0.265394452E-01 0.320667067E-01 0.379271778E-01 0.440365489E-01 0.503779213E-01
 0.569468795E-01 0.637439966E-01 0.707727508E-01 0.780262438E-01 0.854050291E-01
 0.926881162E-01 0.100221434E+00 0.108076233E+00 0.116290282E+00 0.124924954E+00
 0.134085220E+00 0.143951510E+00 0.154681967E+00 0.166360985E+00 0.179163067E+00
 0.193382079E+00 0.209441635E+00 0.227979584E+00 0.249725723E+00 0.259190603E+00
 0.261477146E+00 0.257158267E+00 0.243397550E+00 0.232673895E+00 0.223926707E+00
 0.252609591E-03 0.476603951E-02 0.149271001E-01 0.307949116E-01 0.427521374E-01
 0.422200274E-01 0.403801190E-01 0.381630654E-01 0.356164238E-01 0.327803749E-01
 0.296976488E-01 0.264155178E-01 0.229854673E-01 0.194623434E-01 0.159033509E-01
 0.123670223E-01 0.891221109E-02 0.559713995E-02 0.247852921E-02-0.389178106E-03
-0.295448049E-02-0.516936427E-02-0.698973085E-02-0.837571036E-02-0.929187448E-02
-0.970736799E-02-0.959598549E-02-0.893622592E-02-0.771136300E-02-0.590957431E-02
-0.352417471E-02-0.554001007E-03 0.299600639E-02 0.711398460E-02 0.117800608E-01
 0.169649809E-01 0.226284539E-01 0.287172465E-01 0.351629469E-01 0.418809411E-01
 0.488141441E-01 0.559643754E-01 0.633380409E-01 0.709424413E-01 0.787520029E-01
 0.866199282E-01 0.945636007E-01 0.102846218E+00 0.111535269E+00 0.120691798E+00
 0.130404828E+00 0.140871478E+00 0.152323159E+00 0.164875823E+00 0.178877071E+00
 0.194880283E+00 0.213777421E+00 0.236965841E+00 0.263582071E+00 0.276696581E+00
 0.279063879E+00 0.271537234E+00 0.252523376E+00 0.238110266E+00 0.227247599E+00
 0.251134218E-03 0.473827306E-02 0.148407972E-01 0.305258868E-01 0.425042533E-01
 0.418418053E-01 0.397206652E-01 0.372387545E-01 0.344099835E-01 0.312688141E-01
 0.278584968E-01 0.242288039E-01 0.204344101E-01 0.165335725E-01 0.125869274E-01
 0.865634956E-02 0.480387226E-02 0.109068384E-02-0.242378006E-02-0.568263076E-02
-0.863219373E-02-0.112225404E-01-0.134078832E-01-0.151468390E-01-0.164025734E-01
-0.171428472E-01-0.173399907E-01-0.169708404E-01-0.160166791E-01-0.144632231E-01
-0.123007078E-01-0.952412349E-02-0.613365603E-02-0.213538323E-02 0.245772576E-02
 0.762447462E-02 0.133337539E-01 0.195425262E-01 0.261935593E-01 0.332131034E-01
 0.405085539E-01 0.479902217E-01 0.556612002E-01 0.635272876E-01 0.715873141E-01
 0.797809371E-01 0.881052740E-01 0.966964816E-01 0.105629413E+00 0.114963375E+00
 0.124772678E+00 0.135221462E+00 0.146487121E+00 0.158622263E+00 0.171833379E+00
 0.186410159E+00 0.202740245E+00 0.221355761E+00 0.242051872E+00 0.252437148E+00
 0.255350448E+00 0.251447348E+00 0.239012341E+00 0.228989363E+00 0.220784152E+00
 0.249699660E-03 0.471112267E-02 0.147549175E-01 0.303647656E-01 0.422229513E-01
 0.413591897E-01 0.390553677E-01 0.363503702E-01 0.332664500E-01 0.298437506E-01
 0.261298863E-01 0.221782909E-01 0.180470750E-01 0.137978400E-01 0.949447244E-02
 0.520195835E-02 0.985252278E-03-0.309177196E-02-0.696726373E-02-0.105822113E-01
-0.138811154E-01-0.168125126E-01-0.193293448E-01-0.213891822E-01-0.229543103E-01
-0.239917039E-01-0.244729136E-01-0.243739009E-01-0.236748630E-01-0.223600938E-01
-0.204179340E-01-0.178408660E-01-0.146258130E-01-0.107747015E-01-0.629534497E-02
-0.120269818E-02 0.447948317E-02 0.107165665E-01 0.174605767E-01 0.246474158E-01
 0.321938863E-01 0.399947161E-01 0.479378561E-01 0.560228774E-01 0.642500039E-01
 0.726236027E-01 0.811600038E-01 0.898895670E-01 0.988498307E-01 0.108081909E+00
 0.117638549E+00 0.127607422E+00 0.138047774E+00 0.148937623E+00 0.160253320E+00
 0.171919242E+00 0.183706177E+00 0.195068361E+00 0.204998078E+00 0.212314760E+00
 0.216305378E+00 0.216987458E+00 0.215126096E+00 0.211881802E+00 0.208148714E+00
 0.248383424E-03 0.468625770E-02 0.146767072E-01 0.302280405E-01 0.419438159E-01
 0.409313945E-01 0.384501830E-01 0.355374772E-01 0.322203033E-01 0.285422903E-01
 0.245541819E-01 0.203124964E-01 0.158784271E-01 0.113166237E-01 0.669393218E-02
 0.207815273E-02-0.246314418E-02-0.686371085E-02-0.110595984E-01-0.149899941E-01
-0.185979035E-01-0.218306686E-01-0.246403186E-01-0.269837598E-01-0.288228161E-01
-0.301241428E-01-0.308590397E-01-0.310032011E-01-0.305364426E-01-0.294424539E-01
-0.277086305E-01-0.253260422E-01-0.222896004E-01-0.185984884E-01-0.142569194E-01
-0.927527996E-02-0.367171203E-02 0.252583973E-02 0.927711530E-02 0.165266151E-01
 0.242003904E-01 0.322027837E-01 0.404135106E-01 0.487152187E-01 0.571089281E-01
 0.655984771E-01 0.741909851E-01 0.828962903E-01 0.917248610E-01 0.100683045E+00
 0.109752333E+00 0.118994476E+00 0.128616854E+00 0.138243074E+00 0.147849181E+00
 0.157296172E+00 0.166358336E+00 0.174719504E+00 0.182003833E+00 0.187860313E+00
 0.192072319E+00 0.194631415E+00 0.195735177E+00 0.195709790E+00 0.194902437E+00
 0.247225390E-03 0.466446308E-02 0.146088920E-01 0.300395383E-01 0.417047045E-01
 0.405870849E-01 0.379304833E-01 0.348238094E-01 0.312979100E-01 0.273950483E-01
 0.231668998E-01 0.186720982E-01 0.139743773E-01 0.914102724E-02 0.424148648E-02
-0.653985012E-03-0.547554673E-02-0.101549140E-01-0.146263657E-01-0.188276019E-01
-0.227004356E-01-0.261913077E-01-0.292516246E-01-0.318379211E-01-0.339118642E-01
-0.354401177E-01-0.363940967E-01-0.367496468E-01-0.364866917E-01-0.355888955E-01
-0.340433955E-01-0.318406621E-01-0.289745503E-01-0.254426082E-01-0.212467099E-01
-0.163940788E-01-0.108987585E-01-0.478357419E-02 0.191740294E-02 0.915592011E-02
 0.168662389E-01 0.249616582E-01 0.333311784E-01 0.418367446E-01 0.503729556E-01
 0.589391968E-01 0.675351260E-01 0.761595137E-01 0.848090645E-01 0.934783231E-01
 0.102166411E+00 0.110889747E+00 0.119624318E+00 0.128268203E+00 0.136712886E+00
 0.144839882E+00 0.152506862E+00 0.159552014E+00 0.165811891E+00 0.171148674E+00
 0.175478597E+00 0.178790342E+00 0.181145465E+00 0.182660960E+00 0.183482113E+00
 0.246210928E-03 0.464520524E-02 0.145474041E-01 0.299893800E-01 0.414462266E-01
 0.401781832E-01 0.374488939E-01 0.342056292E-01 0.305133279E-01 0.264246918E-01
 0.219962947E-01 0.172899579E-01 0.123720345E-01 0.731220513E-02 0.218214641E-02
-0.294579986E-02-0.799989588E-02-0.129101743E-01-0.176094709E-01-0.220343003E-01
-0.261255554E-01-0.298290220E-01-0.330957056E-01-0.358819746E-01-0.381495348E-01
-0.398652558E-01-0.410008788E-01-0.415326412E-01-0.414408600E-01-0.407095233E-01
-0.393259427E-01-0.372805253E-01-0.345667283E-01-0.311812624E-01-0.271246137E-01
-0.224019509E-01-0.170244811E-01-0.110113049E-01-0.439179413E-02 0.279152050E-02
 0.104796302E-01 0.185934578E-01 0.270302674E-01 0.356604689E-01 0.443253323E-01
 0.529532007E-01 0.615410831E-01 0.700825419E-01 0.785669187E-01 0.869769017E-01
 0.952810889E-01 0.103527751E+00 0.111770837E+00 0.119787210E+00 0.127520953E+00
 0.134899492E+00 0.141838616E+00 0.148250845E+00 0.154054493E+00 0.159183867E+00
 0.163598557E+00 0.167289259E+00 0.170278323E+00 0.172615009E+00 0.174367106E+00
 0.245428818E-03 0.463052857E-02 0.145021311E-01 0.298298059E-01 0.413214061E-01
 0.400074558E-01 0.371095858E-01 0.337271396E-01 0.298931162E-01 0.256540995E-01
 0.210661853E-01 0.161923281E-01 0.111005111E-01 0.586216879E-02 0.550706929E-03
-0.475990187E-02-0.999643280E-02-0.150876073E-01-0.199651492E-01-0.245646749E-01
-0.288264013E-01-0.326956603E-01-0.361232178E-01-0.390654027E-01-0.414840592E-01
-0.433463452E-01-0.446244048E-01-0.452949512E-01-0.453388031E-01-0.447404217E-01
-0.434875030E-01-0.415706811E-01-0.389834083E-01-0.357220753E-01-0.317864421E-01
-0.271804481E-01-0.219134667E-01-0.160020602E-01-0.947226529E-02-0.236240974E-02
 0.527360586E-02 0.133627058E-01 0.218089835E-01 0.304904122E-01 0.392565422E-01
 0.479356439E-01 0.565195838E-01 0.649988879E-01 0.733611349E-01 0.815901288E-01
 0.896700378E-01 0.976330748E-01 0.105481574E+00 0.113093256E+00 0.120404524E+00
 0.127362796E+00 0.133914481E+00 0.140007535E+00 0.145595514E+00 0.150641857E+00
 0.155123543E+00 0.159033365E+00 0.162380337E+00 0.165188175E+00 0.167492286E+00
 0.244844725E-03 0.461948278E-02 0.144672521E-01 0.297632377E-01 0.411909871E-01
 0.398141541E-01 0.368415523E-01 0.333728832E-01 0.294411162E-01 0.250950393E-01
 0.203925541E-01 0.153981431E-01 0.101812036E-01 0.481451640E-02-0.627238080E-03
-0.606890437E-02-0.114361886E-01-0.166568773E-01-0.216619088E-01-0.263862752E-01
-0.307697356E-01-0.347573310E-01-0.382996985E-01-0.413531902E-01-0.438798108E-01
-0.458469960E-01-0.472272610E-01-0.479977545E-01-0.481397629E-01-0.476382094E-01
-0.464812036E-01-0.446596988E-01-0.421673179E-01-0.390004148E-01-0.351584395E-01
-0.306446774E-01-0.254674277E-01-0.196416813E-01-0.131913362E-01-0.615195783E-02
 0.142596021E-02 0.947335522E-02 0.178987919E-01 0.265848330E-01 0.353850335E-01
 0.441220676E-01 0.527146293E-01 0.611569446E-01 0.694393533E-01 0.775493247E-01
 0.854786032E-01 0.932567247E-01 0.100882415E+00 0.108260976E+00 0.115336084E+00
 0.122067467E+00 0.128417565E+00 0.134351583E+00 0.139839386E+00 0.144857514E+00
 0.149390870E+00 0.153433786E+00 0.156990291E+00 0.160073560E+00 0.162704664E+00
 0.244483785E-03 0.461261968E-02 0.144452156E-01 0.297622479E-01 0.410665045E-01
 0.396623545E-01 0.366683199E-01 0.331558602E-01 0.291676945E-01 0.247581228E-01
 0.199872111E-01 0.149206786E-01 0.962887375E-02 0.418541911E-02-0.133422976E-02
-0.685420625E-02-0.122995785E-01-0.175975783E-01-0.226786826E-01-0.274775210E-01
-0.319335931E-01-0.359917835E-01-0.396026735E-01-0.427226543E-01-0.453138556E-01
-0.473439132E-01-0.487856027E-01-0.496163782E-01-0.498178560E-01-0.493752932E-01
-0.482771125E-01-0.465145317E-01-0.440813584E-01-0.409740168E-01-0.371918731E-01
-0.327379318E-01-0.276199670E-01-0.218521508E-01-0.154572199E-01-0.846919124E-02
-0.936586332E-03 0.707394936E-02 0.154738517E-01 0.241490194E-01 0.329568820E-01
 0.417248363E-01 0.503192385E-01 0.587353456E-01 0.669648430E-01 0.749945917E-01
 0.827944133E-01 0.904266224E-01 0.980174599E-01 0.105296690E+00 0.112263570E+00
 0.118891618E+00 0.125151892E+00 0.131017820E+00 0.136466834E+00 0.141481516E+00
 0.146050529E+00 0.150169225E+00 0.153839846E+00 0.157071295E+00 0.159878496E+00
 0.244382975E-03 0.461081424E-02 0.144404537E-01 0.296909244E-01 0.410608296E-01
 0.396802620E-01 0.366395335E-01 0.330947802E-01 0.290824912E-01 0.246507469E-01
 0.198574740E-01 0.147678414E-01 0.945219193E-02 0.398431577E-02-0.156011829E-02
-0.710503031E-02-0.125752925E-01-0.178979667E-01-0.230033895E-01-0.278260830E-01
-0.323054732E-01-0.363864053E-01-0.400194548E-01-0.431610384E-01-0.457733414E-01
-0.478240802E-01-0.492861333E-01-0.501370742E-01-0.503586499E-01-0.499362525E-01
-0.488584367E-01-0.471165407E-01-0.447044716E-01-0.416187205E-01-0.378586757E-01
-0.334273045E-01-0.283322685E-01-0.225875352E-01-0.162155259E-01-0.924981291E-02
-0.173832592E-02 0.625304673E-02 0.146366826E-01 0.232996332E-01 0.321007343E-01
 0.408691126E-01 0.494520172E-01 0.578438073E-01 0.660357664E-01 0.740197288E-01
 0.818049350E-01 0.894436786E-01 0.969406508E-01 0.104200776E+00 0.111156056E+00
 0.117770753E+00 0.124018178E+00 0.129875230E+00 0.135322362E+00 0.140344442E+00
 0.144931586E+00 0.149079716E+00 0.152790790E+00 0.156072663E+00 0.158938624E+00
 0.244485878E-03 0.461265074E-02 0.144452484E-01 0.297620579E-01 0.410653890E-01
 0.396610102E-01 0.366710072E-01 0.331623704E-01 0.291778419E-01 0.247719092E-01
 0.200046982E-01 0.149419319E-01 0.965393668E-02 0.421430033E-02-0.130156230E-02
-0.681782748E-02-0.122596062E-01-0.175541720E-01-0.226320412E-01-0.274278807E-01
-0.318812244E-01-0.359369893E-01-0.395457867E-01-0.426640368E-01-0.452538978E-01
-0.472830347E-01-0.487242546E-01-0.495550463E-01-0.497570661E-01-0.493156179E-01
-0.482191798E-01-0.464590352E-01-0.440290694E-01-0.409257973E-01-0.371486909E-01
-0.327008751E-01-0.275902599E-01-0.218311683E-01-0.154465009E-01-0.847045019E-02
-0.951722600E-03 0.704284309E-02 0.154244787E-01 0.240788583E-01 0.328631425E-01
 0.416043674E-01 0.501653192E-01 0.585386701E-01 0.667113271E-01 0.746594967E-01
 0.823175943E-01 0.898578082E-01 0.976280881E-01 0.104999801E+00 0.112028049E+00
 0.118701601E+00 0.124997525E+00 0.130892344E+00 0.136365305E+00 0.141400149E+00
 0.145986324E+00 0.150119740E+00 0.153803060E+00 0.157045502E+00 0.159862245E+00
 0.244856277E-03 0.461969766E-02 0.144679096E-01 0.297645640E-01 0.411933623E-01
 0.398188880E-01 0.368508062E-01 0.333878802E-01 0.294624870E-01 0.251232242E-01
 0.204278858E-01 0.154408609E-01 0.102314553E-01 0.487235720E-02-0.561845729E-03
-0.599608947E-02-0.113561690E-01-0.165699557E-01-0.215684680E-01-0.262867728E-01
-0.306646984E-01-0.346473504E-01-0.381854263E-01-0.412353359E-01-0.437591408E-01
-0.457243350E-01-0.471034953E-01-0.478738396E-01-0.480167323E-01-0.475171882E-01
-0.463634250E-01-0.445465230E-01-0.420602548E-01-0.389011485E-01-0.350688546E-01
-0.305668853E-01-0.254037919E-01-0.195948392E-01-0.131642155E-01-0.614778445E-02
 0.140366450E-02 0.942078635E-02 0.178118858E-01 0.264592857E-01 0.352162900E-01
 0.439052142E-01 0.524396388E-01 0.608117335E-01 0.690093427E-01 0.770186595E-01
 0.848429990E-01 0.925882503E-01 0.100291987E+00 0.107766152E+00 0.114925410E+00
 0.121727806E+00 0.128137683E+00 0.134122307E+00 0.139653243E+00 0.144708364E+00
 0.149273610E+00 0.153344126E+00 0.156924588E+00 0.160028694E+00 0.162677945E+00
 0.245453127E-03 0.463098707E-02 0.145035764E-01 0.298328491E-01 0.413269260E-01
 0.400170932E-01 0.371255888E-01 0.337511466E-01 0.299262101E-01 0.256970673E-01
 0.211196210E-01 0.162566637E-01 0.111760267E-01 0.594899625E-02 0.648833205E-03
-0.465063073E-02-0.987630616E-02-0.149570432E-01-0.198246864E-01-0.244149649E-01
-0.286682000E-01-0.325298205E-01-0.359506829E-01-0.388872025E-01-0.413013083E-01
-0.431602447E-01-0.444362471E-01-0.451061296E-01-0.451508253E-01-0.445549284E-01
-0.433062900E-01-0.413957267E-01-0.388169033E-01-0.355664559E-01-0.316444229E-01
-0.270550540E-01-0.218080598E-01-0.159203574E-01-0.941834266E-02-0.234068603E-02
 0.525841343E-02 0.133056635E-01 0.217050742E-01 0.303347433E-01 0.390446708E-01
 0.476590075E-01 0.561679574E-01 0.645602975E-01 0.728218119E-01 0.809350951E-01
 0.888916094E-01 0.968127337E-01 0.104755382E+00 0.112474633E+00 0.119882383E+00
 0.126925375E+00 0.133551079E+00 0.139708702E+00 0.145353000E+00 0.150448493E+00
 0.154973105E+00 0.158920444E+00 0.162300223E+00 0.165136755E+00 0.167465957E+00
 0.246248446E-03 0.464590861E-02 0.145495743E-01 0.299936726E-01 0.414526132E-01
 0.401874845E-01 0.374702475E-01 0.342383482E-01 0.305581443E-01 0.264824742E-01
 0.220678136E-01 0.173758204E-01 0.124726628E-01 0.742783008E-02 0.231280831E-02
-0.280024725E-02-0.783977853E-02-0.127359891E-01-0.174218757E-01-0.218341026E-01
-0.259137019E-01-0.296065886E-01-0.328638889E-01-0.356420859E-01-0.379029976E-01
-0.396136076E-01-0.407457766E-01-0.412758731E-01-0.411843618E-01-0.404554012E-01
-0.390765008E-01-0.370382980E-01-0.343345164E-01-0.309621705E-01-0.269220864E-01
-0.222198043E-01-0.168669239E-01-0.108829430E-01-0.429761180E-02 0.284621180E-02
 0.104892828E-01 0.185524254E-01 0.269329924E-01 0.355017123E-01 0.441004216E-01
 0.526531801E-01 0.611559026E-01 0.696007924E-01 0.779753602E-01 0.862581593E-01
 0.944025364E-01 0.102574493E+00 0.110969896E+00 0.119107680E+00 0.126945140E+00
 0.134415650E+00 0.141436604E+00 0.147921463E+00 0.153789405E+00 0.158975574E+00
 0.163440358E+00 0.167175187E+00 0.170203078E+00 0.172573889E+00 0.174355939E+00
 0.247278545E-03 0.466546817E-02 0.146120699E-01 0.300462228E-01 0.417165641E-01
 0.406064442E-01 0.379601684E-01 0.348661092E-01 0.313545883E-01 0.274674795E-01
 0.232561702E-01 0.187790440E-01 0.140995951E-01 0.928487762E-02 0.440409651E-02
-0.472716590E-03-0.527594199E-02-0.993750585E-02-0.143918860E-01-0.185769688E-01
-0.224347400E-01-0.259118017E-01-0.289597105E-01-0.315351441E-01-0.335999089E-01
-0.351208090E-01-0.360694062E-01-0.364217059E-01-0.361578105E-01-0.352615889E-01
-0.337204148E-01-0.315250319E-01-0.286696089E-01-0.251520479E-01-0.209746142E-01
-0.161449497E-01-0.106775272E-01-0.459558538E-02 0.206644368E-02 0.926004827E-02
 0.169193925E-01 0.249579067E-01 0.332650211E-01 0.417034729E-01 0.501659305E-01
 0.586506307E-01 0.671560292E-01 0.756796971E-01 0.842176857E-01 0.927674081E-01
 0.101348586E+00 0.110040278E+00 0.118842489E+00 0.127589643E+00 0.136137143E+00
 0.144358642E+00 0.152110837E+00 0.159232279E+00 0.165560174E+00 0.170957424E+00
 0.175340978E+00 0.178700202E+00 0.181097279E+00 0.182649773E+00 0.183503481E+00
 0.248450345E-03 0.468751803E-02 0.146806438E-01 0.302360953E-01 0.419574253E-01
 0.409534084E-01 0.384853343E-01 0.355880848E-01 0.322880275E-01 0.286286077E-01
 0.246603626E-01 0.204395734E-01 0.160271790E-01 0.114875658E-01 0.688731342E-02
 0.229395763E-02-0.222518888E-02-0.660412626E-02-0.107791409E-01-0.146896410E-01
-0.182788383E-01-0.214942669E-01-0.242881359E-01-0.266175223E-01-0.284444159E-01
-0.297356384E-01-0.304626630E-01-0.306013708E-01-0.301317860E-01-0.290378352E-01
-0.273071867E-01-0.249312240E-01-0.219052173E-01-0.182287527E-01-0.139064848E-01
-0.894926747E-02-0.337571166E-02 0.278580355E-02 0.949467139E-02 0.166952044E-01
 0.243135130E-01 0.322543470E-01 0.403982737E-01 0.486283950E-01 0.569450654E-01
 0.653512303E-01 0.738527367E-01 0.824576909E-01 0.911740410E-01 0.100001793E+00
 0.108885971E+00 0.117986761E+00 0.127853174E+00 0.137608925E+00 0.147322497E+00
 0.156864861E+00 0.166012349E+00 0.174449735E+00 0.181801996E+00 0.187718930E+00
 0.191984678E+00 0.194591488E+00 0.195737533E+00 0.195749512E+00 0.194975069E+00
 0.249781345E-03 0.471266126E-02 0.147597262E-01 0.303746201E-01 0.422396583E-01
 0.413858154E-01 0.390964902E-01 0.364089948E-01 0.333444696E-01 0.299428810E-01
 0.262516427E-01 0.223239447E-01 0.182176251E-01 0.139939963E-01 0.971664796E-02
 0.545026897E-02 0.125952141E-02-0.279200377E-02-0.664272586E-02-0.102338879E-01
-0.135102293E-01-0.164205096E-01-0.189178799E-01-0.209601088E-01-0.225096745E-01
-0.235337441E-01-0.240040673E-01-0.238968193E-01-0.231924340E-01-0.218754733E-01
-0.199345854E-01-0.173626058E-01-0.141568613E-01-0.103197326E-01-0.585953270E-02
-0.791747294E-03 0.485933132E-02 0.110585709E-01 0.177575981E-01 0.248921122E-01
 0.323790319E-01 0.401136784E-01 0.479867735E-01 0.559978855E-01 0.641477035E-01
 0.724409267E-01 0.808926620E-01 0.895302432E-01 0.983882112E-01 0.107508037E+00
 0.116959349E+00 0.126898778E+00 0.137415546E+00 0.148411476E+00 0.159828908E+00
 0.171586449E+00 0.183454720E+00 0.194888841E+00 0.204882231E+00 0.212255475E+00
 0.216296518E+00 0.217023617E+00 0.215202342E+00 0.211993522E+00 0.208291610E+00
 0.251231384E-03 0.474011106E-02 0.148465989E-01 0.305379922E-01 0.425252378E-01
 0.418746049E-01 0.397685290E-01 0.373050394E-01 0.344971862E-01 0.313791235E-01
 0.279938022E-01 0.243906921E-01 0.206241546E-01 0.167521237E-01 0.128349067E-01
 0.893404803E-02 0.511125530E-02 0.142740016E-02-0.205838531E-02-0.528950034E-02
-0.821254119E-02-0.107778332E-01-0.129398276E-01-0.146573677E-01-0.158938389E-01
-0.166172203E-01-0.168000671E-01-0.164194557E-01-0.154569323E-01-0.138985102E-01
-0.117347638E-01-0.896107236E-02-0.557806646E-02-0.159232701E-02 0.298261751E-02
 0.812496418E-02 0.138029682E-01 0.199729624E-01 0.265771454E-01 0.335413718E-01
 0.407729489E-01 0.481865986E-01 0.557844724E-01 0.635716405E-01 0.715484068E-01
 0.796682999E-01 0.879323927E-01 0.964553735E-01 0.105304051E+00 0.114534271E+00
 0.124218966E+00 0.134624443E+00 0.146008218E+00 0.158257605E+00 0.171566243E+00
 0.186226847E+00 0.202629050E+00 0.221306476E+00 0.242055670E+00 0.252489221E+00
 0.255446226E+00 0.251582861E+00 0.239184668E+00 0.229193550E+00 0.221015862E+00
 0.252716828E-03 0.476806851E-02 0.149335000E-01 0.308082196E-01 0.427749675E-01
 0.422552264E-01 0.404318523E-01 0.382344961E-01 0.357102624E-01 0.328990951E-01
 0.298434445E-01 0.265902752E-01 0.231907439E-01 0.196993516E-01 0.161729477E-01
 0.126697058E-01 0.924812235E-02 0.596607144E-02 0.287993699E-02 0.438414528E-04
-0.249101672E-02-0.467690916E-02-0.647000630E-02-0.783069420E-02-0.872379211E-02
-0.911869032E-02-0.898943450E-02-0.831478890E-02-0.707831625E-02-0.526851644E-02
-0.287906910E-02 0.907737137E-04 0.363559991E-02 0.774301500E-02 0.123925538E-01
 0.175543111E-01 0.231872858E-01 0.292374827E-01 0.356355842E-01 0.422962050E-01
 0.491685019E-01 0.562526609E-01 0.635533447E-01 0.710768700E-01 0.788041114E-01
 0.866193171E-01 0.945406280E-01 0.102786090E+00 0.111417262E+00 0.120491484E+00
 0.130090762E+00 0.140515997E+00 0.152089915E+00 0.164746932E+00 0.178830574E+00
 0.194901055E+00 0.213853944E+00 0.237088599E+00 0.263743297E+00 0.276893589E+00
 0.279294141E+00 0.271798655E+00 0.252814749E+00 0.238427017E+00 0.227585773E+00
 0.254254654E-03 0.479722458E-02 0.150260911E-01 0.309044204E-01 0.431369518E-01
 0.428472118E-01 0.411599085E-01 0.391986727E-01 0.369581003E-01 0.344636057E-01
 0.317519128E-01 0.288657477E-01 0.258524208E-01 0.227626950E-01 0.196497483E-01
 0.165681815E-01 0.135730644E-01 0.107190322E-01 0.805944819E-02 0.564564675E-02
 0.352626757E-02 0.174668808E-02 0.348554115E-03-0.630596967E-03-0.115763317E-02
-0.120406363E-02-0.746238240E-03 0.234458441E-03 0.175138449E-02 0.381235153E-02
 0.641923086E-02 0.956741763E-02 0.132451212E-01 0.174324609E-01 0.221003546E-01
 0.272092658E-01 0.327076923E-01 0.385316977E-01 0.445949005E-01 0.508884756E-01
 0.574060915E-01 0.641461524E-01 0.711101513E-01 0.782922919E-01 0.856136148E-01
 0.928986957E-01 0.100431228E+00 0.108274583E+00 0.116466877E+00 0.125068682E+00
 0.134189925E+00 0.144049876E+00 0.154825705E+00 0.166556109E+00 0.179401831E+00
 0.193657559E+00 0.209748196E+00 0.228312294E+00 0.250080035E+00 0.259566032E+00
 0.261872333E+00 0.257571996E+00 0.243829519E+00 0.233121080E+00 0.224386532E+00
 0.255735234E-03 0.482517810E-02 0.151137284E-01 0.311222747E-01 0.434638486E-01
 0.433160677E-01 0.418427042E-01 0.401360764E-01 0.381912639E-01 0.360218649E-01
 0.336623700E-01 0.311524196E-01 0.285358238E-01 0.258596649E-01 0.231733972E-01
 0.205279431E-01 0.179748017E-01 0.155651879E-01 0.133492189E-01 0.113751642E-01
 0.968876836E-02 0.833265304E-02 0.734579800E-02 0.676309455E-02 0.661495941E-02
 0.692699094E-02 0.771964458E-02 0.900790007E-02 0.108008903E-01 0.131014610E-01
 0.159056336E-01 0.192019438E-01 0.229706337E-01 0.271827423E-01 0.317988244E-01
 0.367686054E-01 0.420246520E-01 0.475282359E-01 0.532663563E-01 0.592278785E-01
 0.654042332E-01 0.717903539E-01 0.783867569E-01 0.851995272E-01 0.918710026E-01
 0.986909851E-01 0.105742873E+00 0.113031173E+00 0.120575522E+00 0.128392704E+00
 0.136432830E+00 0.144935508E+00 0.154784070E+00 0.164810735E+00 0.175260188E+00
 0.186095671E+00 0.197103910E+00 0.207739057E+00 0.216952558E+00 0.223495897E+00
 0.226622873E+00 0.226354831E+00 0.223503936E+00 0.219305168E+00 0.214687675E+00
 0.257121133E-03 0.485135676E-02 0.151958319E-01 0.312865191E-01 0.437475809E-01
 0.437436563E-01 0.424870792E-01 0.410281215E-01 0.393703934E-01 0.375235667E-01
 0.355148541E-01 0.333807756E-01 0.311615642E-01 0.289005572E-01 0.266434348E-01
 0.244373912E-01 0.223302869E-01 0.203698122E-01 0.186026839E-01 0.170738885E-01
 0.158259844E-01 0.148984638E-01 0.143271759E-01 0.141438034E-01 0.143753807E-01
 0.150438366E-01 0.161655403E-01 0.177508306E-01 0.198035003E-01 0.223202036E-01
 0.252898201E-01 0.286927147E-01 0.324996955E-01 0.366723727E-01 0.411565143E-01
 0.459119567E-01 0.509236882E-01 0.561729608E-01 0.616425463E-01 0.673165880E-01
 0.731803746E-01 0.792203003E-01 0.854432624E-01 0.916382543E-01 0.978538887E-01
 0.104219027E+00 0.110721662E+00 0.117367913E+00 0.124165779E+00 0.131129438E+00
 0.138308210E+00 0.145841201E+00 0.153766315E+00 0.161893790E+00 0.170060846E+00
 0.178106751E+00 0.185801512E+00 0.192823400E+00 0.198786487E+00 0.203328630E+00
 0.206227594E+00 0.207479228E+00 0.207294929E+00 0.206019011E+00 0.204014185E+00
 0.258365952E-03 0.487500557E-02 0.152712535E-01 0.314153809E-01 0.440274646E-01
 0.441990286E-01 0.430992573E-01 0.418493296E-01 0.404526268E-01 0.389151522E-01
 0.372465676E-01 0.354785710E-01 0.336472037E-01 0.317918984E-01 0.299545831E-01
 0.281788007E-01 0.265088381E-01 0.249888793E-01 0.236621904E-01 0.225703469E-01
 0.217525048E-01 0.212447180E-01 0.210792982E-01 0.212842122E-01 0.218825062E-01
 0.228917361E-01 0.243233810E-01 0.261822588E-01 0.284659212E-01 0.311637265E-01
 0.342563586E-01 0.377158932E-01 0.414975818E-01 0.455768318E-01 0.499372009E-01
 0.545576256E-01 0.594173233E-01 0.644953101E-01 0.697709215E-01 0.752240767E-01
 0.808356379E-01 0.866005792E-01 0.924362093E-01 0.981016427E-01 0.103901054E+00
 0.109768216E+00 0.115692352E+00 0.121667034E+00 0.127685564E+00 0.133734880E+00
 0.139779042E+00 0.146053310E+00 0.152793114E+00 0.159423629E+00 0.165869961E+00
 0.172029335E+00 0.177763050E+00 0.182910779E+00 0.187310215E+00 0.190825246E+00
 0.193375419E+00 0.194954993E+00 0.195633121E+00 0.195535282E+00 0.194814649E+00
 0.259351960E-03 0.489349104E-02 0.153281274E-01 0.316346190E-01 0.442099006E-01
 0.444625237E-01 0.435624307E-01 0.425321250E-01 0.413862674E-01 0.401365039E-01
 0.387942158E-01 0.373751801E-01 0.359122359E-01 0.344416130E-01 0.330020223E-01
 0.316337702E-01 0.303778657E-01 0.292751661E-01 0.283655615E-01 0.276871911E-01
 0.272756891E-01 0.271634558E-01 0.273789497E-01 0.279460086E-01 0.288832077E-01
 0.302032198E-01 0.319119458E-01 0.340078898E-01 0.364826792E-01 0.393166368E-01
 0.424781646E-01 0.459615219E-01 0.497510707E-01 0.538280043E-01 0.581718088E-01
 0.627598415E-01 0.675678350E-01 0.725704063E-01 0.777419567E-01 0.830586632E-01
 0.885066738E-01 0.941022585E-01 0.994190574E-01 0.104823777E+00 0.110235366E+00
 0.115630051E+00 0.120992068E+00 0.126309322E+00 0.131572736E+00 0.136775881E+00
 0.141926088E+00 0.147218458E+00 0.152752396E+00 0.158162981E+00 0.163328282E+00
 0.168170630E+00 0.172610859E+00 0.176569522E+00 0.179973722E+00 0.182766501E+00
 0.184915897E+00 0.186420680E+00 0.187310752E+00 0.187642107E+00 0.187488111E+00
 0.260183835E-03 0.490903182E-02 0.153757055E-01 0.316248488E-01 0.443995715E-01
 0.446858664E-01 0.438968568E-01 0.430617753E-01 0.421486727E-01 0.411614757E-01
 0.401108216E-01 0.390125388E-01 0.378860791E-01 0.367656621E-01 0.356875518E-01
 0.346894651E-01 0.338095517E-01 0.330855884E-01 0.325542236E-01 0.322502063E-01
 0.322056309E-01 0.324491666E-01 0.330052262E-01 0.338931505E-01 0.351266153E-01
 0.367138430E-01 0.386544557E-01 0.409351090E-01 0.435565700E-01 0.465151326E-01
 0.498008194E-01 0.534017409E-01 0.573024183E-01 0.614837424E-01 0.659230725E-01
 0.705942573E-01 0.754677583E-01 0.805108692E-01 0.856879947E-01 0.909607397E-01
 0.962860874E-01 0.101609786E+00 0.106879893E+00 0.112071123E+00 0.117164439E+00
 0.122138265E+00 0.126973513E+00 0.131655827E+00 0.136176237E+00 0.140535354E+00
 0.144789328E+00 0.149230692E+00 0.153887841E+00 0.158365370E+00 0.162537863E+00
 0.166367881E+00 0.169824384E+00 0.172876441E+00 0.175496220E+00 0.177663160E+00
 0.179367719E+00 0.180613780E+00 0.181419186E+00 0.181814323E+00 0.181839199E+00
 0.261028899E-03 0.492493790E-02 0.154251597E-01 0.317490734E-01 0.445825730E-01
 0.448801026E-01 0.440622803E-01 0.434362762E-01 0.427509611E-01 0.419967966E-01
 0.411897251E-01 0.403530897E-01 0.395117006E-01 0.386919769E-01 0.379239473E-01
 0.372438823E-01 0.366872899E-01 0.362888815E-01 0.360821498E-01 0.360984804E-01
 0.363665161E-01 0.369115273E-01 0.377541174E-01 0.389084107E-01 0.403791215E-01
 0.421799152E-01 0.443187886E-01 0.467984766E-01 0.496192530E-01 0.527780485E-01
 0.562678693E-01 0.600777839E-01 0.641925575E-01 0.685922959E-01 0.732521109E-01
 0.781418026E-01 0.832255806E-01 0.884618699E-01 0.938036903E-01 0.992005754E-01
 0.104600374E+00 0.109943048E+00 0.115169594E+00 0.120231310E+00 0.125086116E+00
 0.129699355E+00 0.134045078E+00 0.138107616E+00 0.141881628E+00 0.145361907E+00
 0.148516394E+00 0.152581204E+00 0.156610048E+00 0.160240916E+00 0.163504907E+00
 0.166421896E+00 0.168998318E+00 0.171234227E+00 0.173127592E+00 0.174677456E+00
 0.175886363E+00 0.176761992E+00 0.177317905E+00 0.177573415E+00 0.177552731E+00
 0.261913049E-03 0.494180279E-02 0.154794253E-01 0.318831333E-01 0.447714377E-01
 0.452492079E-01 0.445471153E-01 0.438417966E-01 0.433068597E-01 0.426966927E-01
 0.420506869E-01 0.413958394E-01 0.407574501E-01 0.401615394E-01 0.396356706E-01
 0.392090332E-01 0.389114123E-01 0.387731383E-01 0.388251866E-01 0.390951180E-01
 0.396076332E-01 0.403868335E-01 0.414537718E-01 0.428261420E-01 0.445184186E-01
 0.465432747E-01 0.489105788E-01 0.516269759E-01 0.546958391E-01 0.581169722E-01
 0.618862003E-01 0.659948969E-01 0.704293750E-01 0.751701613E-01 0.801912086E-01
 0.854591917E-01 0.909328754E-01 0.965616529E-01 0.102289893E+00 0.108045202E+00
 0.113749256E+00 0.119321973E+00 0.124685125E+00 0.129765282E+00 0.134497614E+00
 0.138828790E+00 0.142718821E+00 0.146142929E+00 0.149105378E+00 0.151611763E+00
 0.154949551E+00 0.158322609E+00 0.161295576E+00 0.163893259E+00 0.166156087E+00
 0.168113891E+00 0.169788190E+00 0.171193989E+00 0.172341910E+00 0.173240270E+00
 0.173896879E+00 0.174320427E+00 0.174521387E+00 0.174512439E+00 0.174308456E+00
 0.262660036E-03 0.495605677E-02 0.155252483E-01 0.319356685E-01 0.449154015E-01
 0.455341924E-01 0.449780606E-01 0.443885275E-01 0.438132388E-01 0.432428799E-01
 0.426742656E-01 0.421228542E-01 0.416086973E-01 0.411545989E-01 0.407853364E-01
 0.405271246E-01 0.404070828E-01 0.404527675E-01 0.406916431E-01 0.411502977E-01
 0.418540900E-01 0.428270246E-01 0.440913270E-01 0.456671568E-01 0.475724651E-01
 0.498229542E-01 0.524318341E-01 0.554095542E-01 0.587635415E-01 0.624978802E-01
 0.666128817E-01 0.711044664E-01 0.759632593E-01 0.811733181E-01 0.867105249E-01
 0.925401695E-01 0.986014467E-01 0.104913046E+00 0.111316946E+00 0.117731310E+00
 0.124051449E+00 0.130160989E+00 0.135939859E+00 0.141273790E+00 0.146064836E+00
 0.150234138E+00 0.153723683E+00 0.156562935E+00 0.158824942E+00 0.161670675E+00
 0.164079808E+00 0.166095772E+00 0.167764633E+00 0.169132901E+00 0.170242666E+00
 0.171129047E+00 0.171819160E+00 0.172332725E+00 0.172683543E+00 0.172881231E+00
 0.172932875E+00 0.172844407E+00 0.172621643E+00 0.172270964E+00 0.171799683E+00
 0.263095182E-03 0.496431236E-02 0.155514090E-01 0.320796722E-01 0.450004338E-01
 0.456772883E-01 0.451751641E-01 0.446352134E-01 0.440834933E-01 0.435342909E-01
 0.429987670E-01 0.424937722E-01 0.420392389E-01 0.416572629E-01 0.413716689E-01
 0.412076114E-01 0.411911857E-01 0.413490516E-01 0.417080563E-01 0.422948528E-01
 0.431355703E-01 0.442555273E-01 0.456789443E-01 0.474286869E-01 0.495260384E-01
 0.519904725E-01 0.548393878E-01 0.580878293E-01 0.617482580E-01 0.658304086E-01
 0.703411837E-01 0.752843559E-01 0.806596782E-01 0.864613745E-01 0.926773700E-01
 0.992846347E-01 0.106275271E+00 0.113538247E+00 0.120983624E+00 0.128488648E+00
 0.135897845E+00 0.143025403E+00 0.149669318E+00 0.155629855E+00 0.160689518E+00
 0.164957954E+00 0.168403381E+00 0.171003495E+00 0.172952167E+00 0.174256637E+00
 0.175060493E+00 0.175480257E+00 0.175615300E+00 0.175546047E+00 0.175332844E+00
 0.175017967E+00 0.174629011E+00 0.174182456E+00 0.173686888E+00 0.173145675E+00
 0.172559074E+00 0.171925817E+00 0.171244243E+00 0.170513051E+00 0.169731756E+00
 0.263156675E-03 0.496546433E-02 0.155549340E-01 0.320061968E-01 0.450243780E-01
 0.456911499E-01 0.451900443E-01 0.446474522E-01 0.440873159E-01 0.435271775E-01
 0.429824619E-01 0.424725666E-01 0.420192662E-01 0.416458662E-01 0.413769235E-01
 0.412380435E-01 0.412556780E-01 0.414569274E-01 0.418693526E-01 0.425207723E-01
 0.434390205E-01 0.446516583E-01 0.461856876E-01 0.480673268E-01 0.503218527E-01
 0.529734036E-01 0.560445852E-01 0.595558559E-01 0.635249913E-01 0.679671782E-01
 0.728961325E-01 0.783260880E-01 0.842737165E-01 0.907581231E-01 0.978032194E-01
 0.105419950E+00 0.113565309E+00 0.122180199E+00 0.131175336E+00 0.140407822E+00
 0.149669839E+00 0.158689243E+00 0.166959902E+00 0.174361480E+00 0.180693739E+00
 0.185288211E+00 0.188237566E+00 0.189637128E+00 0.189775095E+00 0.189011345E+00
 0.187681096E+00 0.186046491E+00 0.184288075E+00 0.182518706E+00 0.180802511E+00
 0.179171135E+00 0.177635642E+00 0.176194656E+00 0.174839756E+00 0.173558971E+00
 0.172339032E+00 0.171166787E+00 0.170030065E+00 0.168918163E+00 0.167822077E+00
 0.262848883E-03 0.495963925E-02 0.155365252E-01 0.319793131E-01 0.449606396E-01
 0.455878965E-01 0.450385661E-01 0.444299295E-01 0.438214347E-01 0.432078275E-01
 0.426025377E-01 0.420311896E-01 0.415185293E-01 0.410897836E-01 0.407709895E-01
 0.405889853E-01 0.405712858E-01 0.407460144E-01 0.411420427E-01 0.417891963E-01
 0.427181473E-01 0.439598455E-01 0.455448150E-01 0.475028668E-01 0.498635307E-01
 0.526569024E-01 0.559137131E-01 0.596630185E-01 0.639280179E-01 0.687240708E-01
 0.740617840E-01 0.799546030E-01 0.864307296E-01 0.935523811E-01 0.101445161E+00
 0.110223681E+00 0.119808848E+00 0.130131297E+00 0.141216640E+00 0.153162515E+00
 0.165538079E+00 0.178342942E+00 0.190625231E+00 0.201134233E+00 0.209007234E+00
 0.213722745E+00 0.215179820E+00 0.213738546E+00 0.210286017E+00 0.205888393E+00
 0.201286513E+00 0.196860274E+00 0.192770997E+00 0.189067898E+00 0.185746078E+00
 0.182776169E+00 0.180119289E+00 0.177734511E+00 0.175582491E+00 0.173627115E+00
 0.171836147E+00 0.170181341E+00 0.168638315E+00 0.167186285E+00 0.165807753E+00
 0.262194849E-03 0.494727933E-02 0.154976140E-01 0.319369427E-01 0.448020085E-01
 0.453762690E-01 0.447409511E-01 0.440424579E-01 0.433081843E-01 0.425641787E-01
 0.418328219E-01 0.411363869E-01 0.404994061E-01 0.399484602E-01 0.395111442E-01
 0.392161957E-01 0.390928508E-01 0.391692172E-01 0.394735475E-01 0.400377948E-01
 0.408986560E-01 0.420944845E-01 0.436608654E-01 0.456286676E-01 0.480259187E-01
 0.508842951E-01 0.542513799E-01 0.581933407E-01 0.627540692E-01 0.679278350E-01
 0.736876290E-01 0.800165926E-01 0.869103719E-01 0.942761739E-01 0.102750659E+00
 0.112971943E+00 0.124102359E+00 0.136432146E+00 0.149955552E+00 0.165147440E+00
 0.182264984E+00 0.201675493E+00 0.223509558E+00 0.240809845E+00 0.252176961E+00
 0.256560459E+00 0.256019390E+00 0.246195008E+00 0.233400441E+00 0.222516441E+00
 0.213388156E+00 0.205712257E+00 0.199220014E+00 0.193690502E+00 0.188945928E+00
 0.184843906E+00 0.181270089E+00 0.178132072E+00 0.175354631E+00 0.172876102E+00
 0.170645626E+00 0.168621066E+00 0.166767397E+00 0.165055466E+00 0.163461005E+00
 0.261223749E-03 0.492894848E-02 0.154400191E-01 0.317575987E-01 0.445944665E-01
 0.450562862E-01 0.442696779E-01 0.433712879E-01 0.424470792E-01 0.415296592E-01
 0.406246935E-01 0.397414271E-01 0.389088613E-01 0.381692897E-01 0.375404469E-01
 0.370527111E-01 0.367606920E-01 0.366820708E-01 0.368150354E-01 0.371890280E-01
 0.378675049E-01 0.389242891E-01 0.404074397E-01 0.423373156E-01 0.447217433E-01
 0.475425375E-01 0.507598700E-01 0.545351096E-01 0.598174924E-01 0.655820216E-01
 0.717101874E-01 0.785795417E-01 0.862331485E-01 0.944731944E-01 0.103966406E+00
 0.114498375E+00 0.126191465E+00 0.139278012E+00 0.154077229E+00 0.171100618E+00
 0.191138424E+00 0.215402261E+00 0.245476988E+00 0.268303111E+00 0.282563149E+00
 0.286068196E+00 0.285485437E+00 0.267189949E+00 0.246571195E+00 0.230899488E+00
 0.218757074E+00 0.209089089E+00 0.201208940E+00 0.194664208E+00 0.189145378E+00
 0.184432422E+00 0.180363542E+00 0.176816321E+00 0.173695923E+00 0.170927453E+00
 0.168450835E+00 0.166217286E+00 0.164186812E+00 0.162326392E+00 0.160608625E+00
 0.259943405E-03 0.490490279E-02 0.153653444E-01 0.316778414E-01 0.443630775E-01
 0.446701111E-01 0.437181168E-01 0.425947932E-01 0.412836741E-01 0.398963600E-01
 0.390367759E-01 0.378873428E-01 0.364293208E-01 0.357874911E-01 0.349293242E-01
 0.337284294E-01 0.334933532E-01 0.333973387E-01 0.332549655E-01 0.331968331E-01
 0.333409931E-01 0.341255786E-01 0.356041631E-01 0.375418476E-01 0.400004185E-01
 0.428517073E-01 0.465580985E-01 0.510399650E-01 0.562974402E-01 0.624925108E-01
 0.691826903E-01 0.764384085E-01 0.843505387E-01 0.929672672E-01 0.102389362E+00
 0.112733801E+00 0.124138233E+00 0.136790153E+00 0.150952592E+00 0.167000488E+00
 0.185487194E+00 0.207319211E+00 0.234553603E+00 0.254940558E+00 0.267959437E+00
 0.271036956E+00 0.271964458E+00 0.255539333E+00 0.237755250E+00 0.224272494E+00
 0.213480647E+00 0.204627259E+00 0.197241154E+00 0.190995808E+00 0.185654728E+00
 0.181041657E+00 0.177022146E+00 0.173491556E+00 0.170367023E+00 0.167581942E+00
 0.165082098E+00 0.162822901E+00 0.160767365E+00 0.158884611E+00 0.157148724E+00
 0.258224796E-03 0.487285768E-02 0.152675180E-01 0.314279194E-01 0.440885284E-01
 0.442310133E-01 0.431561592E-01 0.419453567E-01 0.406243814E-01 0.392772657E-01
 0.379874317E-01 0.366770684E-01 0.353656056E-01 0.341713626E-01 0.330079146E-01
 0.318613818E-01 0.308967513E-01 0.300414576E-01 0.291958112E-01 0.285834888E-01
 0.280818656E-01 0.286483280E-01 0.296552386E-01 0.313339363E-01 0.338681381E-01
 0.372237990E-01 0.414621188E-01 0.465232008E-01 0.522758329E-01 0.586181333E-01
 0.654819198E-01 0.728424082E-01 0.807145279E-01 0.891379688E-01 0.981685013E-01
 0.107873017E+00 0.118325947E+00 0.129605408E+00 0.141783620E+00 0.154901119E+00
 0.168900632E+00 0.183458389E+00 0.197609750E+00 0.209583899E+00 0.218078340E+00
 0.222487618E+00 0.222696912E+00 0.219066422E+00 0.212996258E+00 0.206223458E+00
 0.199639265E+00 0.193563386E+00 0.188076618E+00 0.183166083E+00 0.178784188E+00
 0.174873266E+00 0.171375907E+00 0.168239043E+00 0.165415261E+00 0.162862897E+00
 0.160545648E+00 0.158432004E+00 0.156494669E+00 0.154710010E+00 0.153057576E+00
 0.255637174E-03 0.482485576E-02 0.151227052E-01 0.311454730E-01 0.436484494E-01
 0.436260351E-01 0.424033692E-01 0.410807482E-01 0.396921255E-01 0.382688902E-01
 0.368340308E-01 0.353996972E-01 0.339732925E-01 0.325571210E-01 0.311422147E-01
 0.297129888E-01 0.282500230E-01 0.267144876E-01 0.251086096E-01 0.239154308E-01
 0.229561677E-01 0.221391639E-01 0.217889808E-01 0.225797867E-01 0.247637907E-01
 0.284930691E-01 0.337619211E-01 0.400263822E-01 0.466950103E-01 0.536080650E-01
 0.607507500E-01 0.681486172E-01 0.758396524E-01 0.838643991E-01 0.922606049E-01
 0.101058543E+00 0.110275004E+00 0.119903960E+00 0.129901327E+00 0.140160788E+00
 0.150479405E+00 0.160520874E+00 0.169807256E+00 0.177787093E+00 0.183973835E+00
 0.188066018E+00 0.190006504E+00 0.189996782E+00 0.188454905E+00 0.185890845E+00
 0.182760767E+00 0.179396596E+00 0.176010330E+00 0.172725537E+00 0.169607820E+00
 0.166686951E+00 0.163971355E+00 0.161457186E+00 0.159133879E+00 0.156987523E+00
 0.155002861E+00 0.153164483E+00 0.151457496E+00 0.149867895E+00 0.148382748E+00
 0.251223439E-03 0.474332343E-02 0.148790892E-01 0.307397263E-01 0.429072626E-01
 0.426561113E-01 0.412091781E-01 0.397024983E-01 0.381698268E-01 0.366305473E-01
 0.350920948E-01 0.335546460E-01 0.320185373E-01 0.304849572E-01 0.289309462E-01
 0.272843435E-01 0.254809516E-01 0.236395766E-01 0.216105017E-01 0.194245011E-01
 0.178432281E-01 0.151786036E-01 0.106567761E-01 0.116573496E-01 0.130208642E-01
 0.166277905E-01 0.248914620E-01 0.334688948E-01 0.412623032E-01 0.486895499E-01
 0.559682858E-01 0.632332828E-01 0.705732364E-01 0.780466318E-01 0.856888491E-01
 0.935142479E-01 0.101514742E+00 0.109655555E+00 0.117868700E+00 0.126045375E+00
 0.134029946E+00 0.141620444E+00 0.148581678E+00 0.154674006E+00 0.159692708E+00
 0.163505797E+00 0.166078435E+00 0.167477268E+00 0.167853104E+00 0.167406682E+00
 0.166349666E+00 0.164874321E+00 0.163138014E+00 0.161260278E+00 0.159326954E+00
 0.157396873E+00 0.155508509E+00 0.153685599E+00 0.151941505E+00 0.150282448E+00
 0.148709848E+00 0.147221981E+00 0.145815141E+00 0.144484452E+00 0.143224426E+00
 0.242896183E-03 0.459021009E-02 0.144267204E-01 0.298144163E-01 0.416180888E-01
 0.409949903E-01 0.392438993E-01 0.375295150E-01 0.358766456E-01 0.342819916E-01
 0.327220633E-01 0.311530749E-01 0.294937330E-01 0.278978417E-01 0.266025093E-01
 0.251703989E-01 0.235885343E-01 0.220574415E-01 0.204997317E-01 0.188755367E-01
 0.166994008E-01 0.136081225E-01 0.938709754E-02 0.959489759E-02 0.108002577E-01
 0.143687126E-01 0.223062801E-01 0.306858774E-01 0.382199840E-01 0.453090830E-01
 0.521681254E-01 0.589270967E-01 0.656666967E-01 0.724350066E-01 0.792556841E-01
 0.861315855E-01 0.930457168E-01 0.999606752E-01 0.106817550E+00 0.113535369E+00
 0.120012417E+00 0.126130825E+00 0.131765369E+00 0.136796214E+00 0.141123646E+00
 0.144681582E+00 0.147446465E+00 0.149439286E+00 0.150720305E+00 0.151378091E+00
 0.151516022E+00 0.151239654E+00 0.150647289E+00 0.149824497E+00 0.148842048E+00
 0.147756167E+00 0.146610087E+00 0.145436101E+00 0.144257662E+00 0.143091286E+00
 0.141948154E+00 0.140835434E+00 0.139757308E+00 0.138715784E+00 0.137711315E+00
 0.225919482E-03 0.427828906E-02 0.135095880E-01 0.281751773E-01 0.391647005E-01
 0.379653343E-01 0.359002996E-01 0.340931469E-01 0.325003373E-01 0.310622133E-01
 0.297217212E-01 0.284282598E-01 0.271480182E-01 0.259284404E-01 0.248272371E-01
 0.237926226E-01 0.228029815E-01 0.218223819E-01 0.207960828E-01 0.196964914E-01
 0.184834929E-01 0.172057080E-01 0.163149542E-01 0.166140048E-01 0.183056185E-01
 0.215410004E-01 0.263256969E-01 0.319952564E-01 0.378580030E-01 0.437494965E-01
 0.496449366E-01 0.555503443E-01 0.614756331E-01 0.674258697E-01 0.733978161E-01
 0.793782660E-01 0.853430719E-01 0.912565942E-01 0.970716737E-01 0.102730421E+00
 0.108166178E+00 0.113306927E+00 0.118080169E+00 0.122418901E+00 0.126267891E+00
 0.129589178E+00 0.132365722E+00 0.134602482E+00 0.136324773E+00 0.137574342E+00
 0.138404110E+00 0.138872633E+00 0.139039204E+00 0.138960120E+00 0.138686284E+00
 0.138261983E+00 0.137724574E+00 0.137104784E+00 0.136427337E+00 0.135711751E+00
 0.134973150E+00 0.134223039E+00 0.133469989E+00 0.132720233E+00 0.131978165E+00
 0.191320063E-03 0.363321339E-02 0.115551261E-01 0.243988307E-01 0.337494201E-01
 0.319754679E-01 0.301524838E-01 0.288229250E-01 0.277566144E-01 0.268424832E-01
 0.260194625E-01 0.252538699E-01 0.245314177E-01 0.238520179E-01 0.232203531E-01
 0.226383166E-01 0.221058895E-01 0.216243919E-01 0.212022909E-01 0.208654770E-01
 0.206721544E-01 0.207322396E-01 0.212120662E-01 0.222943665E-01 0.241150549E-01
 0.267250703E-01 0.300746498E-01 0.340234348E-01 0.383981109E-01 0.430559414E-01
 0.479017577E-01 0.528759960E-01 0.579396555E-01 0.630635922E-01 0.682218469E-01
 0.733876325E-01 0.785309927E-01 0.836175877E-01 0.886083587E-01 0.934599848E-01
 0.981261086E-01 0.102559287E+00 0.106713539E+00 0.110547249E+00 0.114026063E+00
 0.117125367E+00 0.119831953E+00 0.122144632E+00 0.124073687E+00 0.125639346E+00
 0.126869536E+00 0.127797324E+00 0.128458387E+00 0.128888820E+00 0.129123403E+00
 0.129194406E+00 0.129130867E+00 0.128958278E+00 0.128698554E+00 0.128370211E+00
 0.127988653E+00 0.127566529E+00 0.127114091E+00 0.126639555E+00 0.126149424E+00
 0.133569990E-03 0.252444371E-02 0.794770740E-02 0.165546860E-01 0.208725989E-01
 0.216255935E-01 0.219153917E-01 0.220041499E-01 0.219892892E-01 0.219124474E-01
 0.217956446E-01 0.216542946E-01 0.215022156E-01 0.213534091E-01 0.212223227E-01
 0.211239192E-01 0.210745764E-01 0.210941475E-01 0.212090841E-01 0.214561978E-01
 0.218859455E-01 0.225629933E-01 0.235611103E-01 0.249513077E-01 0.267866098E-01
 0.290895404E-01 0.318470883E-01 0.350151652E-01 0.385308994E-01 0.423268852E-01
 0.463411711E-01 0.505211011E-01 0.548228487E-01 0.592091117E-01 0.636465343E-01
 0.681035355E-01 0.725487435E-01 0.769500479E-01 0.812742266E-01 0.854870965E-01
 0.895541313E-01 0.934414710E-01 0.971172163E-01 0.100552864E+00 0.103724710E+00
 0.106615043E+00 0.109212960E+00 0.111514706E+00 0.113523493E+00 0.115248844E+00
 0.116705560E+00 0.117912465E+00 0.118891073E+00 0.119664323E+00 0.120255469E+00
 0.120687189E+00 0.120980927E+00 0.121156456E+00 0.121231632E+00 0.121222305E+00
 0.121142332E+00 0.121003678E+00 0.120816564E+00 0.120589633E+00 0.120330132E+00
 0.730805648E-04 0.135195760E-02 0.402022755E-02 0.742782360E-02 0.104647404E-01
 0.127188538E-01 0.143497775E-01 0.155377546E-01 0.164197497E-01 0.170907028E-01
 0.176159298E-01 0.180420963E-01 0.184046763E-01 0.187326331E-01 0.190513483E-01
 0.193846121E-01 0.197562210E-01 0.201914563E-01 0.207184510E-01 0.213692022E-01
 0.221797713E-01 0.231891233E-01 0.244362471E-01 0.259557850E-01 0.277731454E-01
 0.299005374E-01 0.323352001E-01 0.350603638E-01 0.380484911E-01 0.412655709E-01
 0.446750909E-01 0.482408168E-01 0.519282055E-01 0.557047552E-01 0.595397352E-01
 0.634036698E-01 0.672678320E-01 0.711038902E-01 0.748837760E-01 0.785797957E-01
 0.821649724E-01 0.856135815E-01 0.889018225E-01 0.920085514E-01 0.949159898E-01
 0.976103250E-01 0.100082130E+00 0.102326551E+00 0.104343242E+00 0.106136058E+00
 0.107712544E+00 0.109083287E+00 0.110261182E+00 0.111260699E+00 0.112097187E+00
 0.112786266E+00 0.113343326E+00 0.113783140E+00 0.114119585E+00 0.114365469E+00
 0.114532435E+00 0.114630929E+00 0.114670227E+00 0.114658484E+00 0.114602814E+00
 0.107206246E+01 0.109043648E+01 0.108684441E+01 0.108201463E+01 0.108407510E+01
 0.108385596E+01 0.108574128E+01 0.108844749E+01 0.109049138E+01 0.109351610E+01
 0.109767570E+01 0.110131593E+01 0.110516045E+01 0.110979423E+01 0.111531367E+01
 0.112077078E+01 0.112633571E+01 0.113281116E+01 0.113985383E+01 0.114748796E+01
 0.115544133E+01 0.116388509E+01 0.117300701E+01 0.118299758E+01 0.119379741E+01
 0.120506708E+01 0.121711874E+01 0.123012546E+01 0.124412031E+01 0.125914306E+01
 0.127531245E+01 0.129242988E+01 0.131089886E+01 0.133080071E+01 0.135207461E+01
 0.137519933E+01 0.140001141E+01 0.142660850E+01 0.145551331E+01 0.148676336E+01
 0.152045834E+01 0.155733178E+01 0.159726605E+01 0.164064068E+01 0.168844202E+01
 0.174035702E+01 0.179761255E+01 0.186082462E+01 0.193051471E+01 0.200851515E+01
 0.209471671E+01 0.219182354E+01 0.230142733E+01 0.242590857E+01 0.256747358E+01
 0.273009319E+01 0.292179269E+01 0.314795118E+01 0.342010471E+01 0.374313122E+01
 0.413191220E+01 0.463740997E+01 0.534694950E+01 0.643646855E+01 0.775460930E+01
   75   50
 0.185180072E+00 0.000000000E+00 0.186937416E+00 0.137500000E+00 0.192373328E+00
 0.275000000E+00 0.204283152E+00 0.412500000E+00 0.212404862E+00 0.481250000E+00
 0.233122282E+00 0.618750000E+00 0.247722323E+00 0.687500000E+00 0.277500000E+00
 0.800689001E+00 0.310104889E+00 0.893750000E+00 0.340408692E+00 0.962500000E+00
 0.377812500E+00 0.102876837E+01 0.411250000E+00 0.107639015E+01 0.444687500E+00
 0.111223175E+01 0.511562500E+00 0.115980804E+01 0.545000000E+00 0.117068167E+01
 0.611875000E+00 0.117347401E+01 0.645312500E+00 0.116549948E+01 0.712187500E+00
 0.114039392E+01 0.779062500E+00 0.110079012E+01 0.812500000E+00 0.108133922E+01
 0.879375000E+00 0.103487883E+01 0.912812500E+00 0.101158265E+01 0.975402142E+00
 0.962500000E+00 0.101312500E+01 0.933026538E+00 0.105750479E+01 0.893750000E+00
 0.111343750E+01 0.842611750E+00 0.114687500E+01 0.808814207E+00 0.119421178E+01
 0.756250000E+00 0.124718750E+01 0.690722853E+00 0.128062500E+01 0.644209791E+00
 0.131406250E+01 0.592499887E+00 0.134750000E+01 0.535097362E+00 0.138093750E+01
 0.471100707E+00 0.141437500E+01 0.398574713E+00 0.144781250E+01 0.313264297E+00
 0.148089975E+01 0.206250000E+00 0.149563162E+01 0.137500000E+00 0.150738222E+01
 0.000000000E+00 0.149490663E+01-0.137500000E+00 0.148009383E+01-0.206250000E+00
 0.144781250E+01-0.311655017E+00 0.141437500E+01-0.398326685E+00 0.138093750E+01
-0.472062549E+00 0.134750000E+01-0.537141476E+00 0.131406250E+01-0.595530140E+00
 0.128062500E+01-0.648117570E+00 0.124718750E+01-0.695403822E+00 0.119876326E+01
-0.756250000E+00 0.114687500E+01-0.814530289E+00 0.111343750E+01-0.848790205E+00
 0.106465174E+01-0.893750000E+00 0.101312500E+01-0.939626632E+00 0.979687500E+00
-0.966401559E+00 0.912812500E+00-0.101864503E+01 0.879375000E+00-0.104312621E+01
 0.812500000E+00-0.108913757E+01 0.779062500E+00-0.111052397E+01 0.712187500E+00
-0.114948143E+01 0.661717874E+00-0.116875000E+01 0.611875000E+00-0.118561664E+01
 0.545000000E+00-0.118249468E+01 0.511562500E+00-0.116772915E+01 0.444687500E+00
-0.112035680E+01 0.411250000E+00-0.108272917E+01 0.375685940E+00-0.103125000E+01
 0.337587362E+00-0.962500000E+00 0.307833957E+00-0.893750000E+00 0.277500000E+00
-0.806062013E+00 0.246601477E+00-0.687500000E+00 0.232142166E+00-0.618750000E+00
 0.211885016E+00-0.481250000E+00 0.203843021E+00-0.412500000E+00 0.192192315E+00
-0.275000000E+00 0.186869342E+00-0.137500000E+00 0.185180072E+00 0.000000000E+00
 0.185100000E+00 0.000000000E+00 0.185100000E+00 0.100810000E+01 0.279400000E+00
 0.117140000E+01 0.279400000E+00 0.157800000E+01 0.297900000E+00 0.160340000E+01
 0.571200000E+00 0.160340000E+01 0.571200000E+00 0.167960000E+01 0.391700000E+00
 0.167960000E+01 0.391700000E+00 0.194730000E+01 0.521000000E+00 0.194730000E+01
 0.521000000E+00 0.184410000E+01 0.600000000E+00 0.184410000E+01 0.600000000E+00
 0.171060000E+01 0.617000000E+00 0.171060000E+01 0.617000000E+00 0.162800000E+01
 0.119400000E+01 0.140100000E+01 0.104330000E+01 0.143000000E+01 0.131920000E+01
 0.103970000E+01 0.133580000E+01 0.997600000E+00 0.148510000E+01 0.545000000E+00
 0.148900000E+01 0.490000000E+00 0.156380000E+01 0.114100000E+00 0.157000000E+01
 0.763600000E-01 0.157370000E+01 0.382610000E-01 0.157500000E+01 0.000000000E+00
 0.157370000E+01-0.382610000E-01 0.157000000E+01-0.763600000E-01 0.156380000E+01
-0.114100000E+00 0.148900000E+01-0.490000000E+00 0.148510000E+01-0.545000000E+00
 0.133580000E+01-0.997600000E+00 0.131920000E+01-0.103970000E+01 0.104330000E+01
-0.143000000E+01 0.119400000E+01-0.140100000E+01 0.617000000E+00-0.162800000E+01
 0.617000000E+00-0.171060000E+01 0.600000000E+00-0.171060000E+01 0.600000000E+00
-0.184410000E+01 0.521000000E+00-0.184410000E+01 0.521000000E+00-0.194730000E+01
 0.391700000E+00-0.194730000E+01 0.391700000E+00-0.167960000E+01 0.571200000E+00
-0.167960000E+01 0.571200000E+00-0.160340000E+01 0.297900000E+00-0.160340000E+01
 0.279400000E+00-0.157800000E+01 0.279400000E+00-0.117140000E+01 0.185100000E+00
-0.100810000E+01 0.185100000E+00 0.000000000E+00 0.185100000E+00 0.000000000E+00
    0 0.170000000E+01    0
 $OUT1
 ISHOT   =      101522,
 ITIME   =         150,
 BETAP0  =  0.500000000000000     ,
 RZERO   =  0.850000000000000     ,
 QENP    =  0.950000000000000     ,
 ENP     =   1.00000000000000     ,
 EMP     =   1.00000000000000     ,
 PLASMA  =   960219.643647212     ,
 EXPMP2  =  0.464428382472492     ,  0.447619432562643     ,  0.411182075118606     ,  0.360169945267989     ,
   0.292935087820490     ,  0.229846479754141     ,  0.464104251500819     ,  0.446603611434710     ,  0.409481409403089     ,
   0.358002217578419     ,  0.290481345590032     ,  0.227372434856364     , -3.319856601601526E-002,  0.166891522124306     ,
   3.233522903431037E-002,  0.164920229558864     , -0.152575112355111     , -0.143160182829013     , -0.134539455746424     ,
  -0.155396621959378     , -0.145413688484253     , -0.136221332050408     , -0.161200105666604     , -0.177183148277719     ,
  -0.189311315055571     , -0.159309390725657     , -0.175623636107717     , -0.188673692301407     ,
 COILS   = -2.531197098179071E-002, -2.814826688067503E-002, -6.984029432841712E-002, -0.163996276441199     ,
  -0.151430566629785     , -0.145968167651855     , -0.110699183732596     , -2.469471317911294E-002, -2.727685711394202E-002,
  -6.239553340204729E-002, -0.165662658338441     , -0.152475765800553     , -0.146695296218146     , -0.109816413035984     ,
  -0.130161914521416     , -0.143593514778043     , -0.129707424868227     , -0.145395720327428     , -2.912184735261018E-002,
  -4.132600665769352E-002, -6.643655237610212E-002, -4.426644315015864E-002, -2.913275423656714E-002, -7.038503062532198E-002,
  -4.167996138457027E-002, -4.275654508326158E-002, -4.412885489821708E-002, -4.516399847113580E-002, -4.128674434378821E-002,
  -4.168822838578992E-002, -4.277819032976080E-002, -4.415590514759085E-002, -4.515340783338186E-002, -4.483019030041822E-002,
  -4.526423961394302E-002, -4.470884073584595E-002, -4.343626714127490E-002, -4.481499445936675E-002, -4.526499812560830E-002,
  -4.471658137037320E-002, -4.338936679326737E-002, -3.602498458354694E-002, -2.331399232786276E-002, -2.381975258741087E-002,
  -0.258416423036030     , -0.262530328787845     , -0.174776542583046     , -0.175700195433487     , -0.267416349140819     ,
  -0.267675463540225     , -8.427538291553430E-002, -8.636354104473579E-002, -8.868454511090620E-002, -9.317760217112736E-002,
  -8.436390683114109E-002, -8.686032102633556E-002, -8.964584129688075E-002, -9.386272073277804E-002, -9.995197495963593E-002,
  -0.100638018314485     , -0.100712136512594     , -9.903646649851382E-002, -0.100986894209970     , -0.101668784686607     ,
  -0.101550114527458     , -9.974148238357886E-002,
 BTOR    = -0.286668000000000     ,
 RCENTR  =  0.860000000000000     ,
 BRSP    =  1.046298011077151E-007,   3850.93271435433     ,  -9134.70180086164     ,  1.093534495236168E-007,
   -6260.31232149237     ,  -6261.78994343456     ,  1.151127957492741E-007,  -8939.72913032737     ,   3890.24569752700     ,
   6.362876296300447E-008,   17.3662610606041     ,   5236.72052362865     ,   5022.72014809106     ,   8588.13564091592     ,
    2451.45661973058     ,   18436.0574697584     ,   20612.2752636818     ,   15993.0407831697     ,   8977.40216265757     ,
    9545.04119989404     ,   4732.27289251865     ,   1887.08439391494     ,   11423.6466409692     ,   5594.04319457264     ,
    18203.1520249468     ,   14343.2528590900     ,   18170.9877743987     ,   2426.03934533804     ,   7299.08504273659     ,
    4991.31406608394     ,   4941.69876617831     ,   306.148535328772     ,   52.6559739914197     ,   217.731638433324     ,
    49.5535713270039     ,  -1023.94568119436     ,  -1784.21201676160     ,  -2210.14091068243     ,  -972.087576905435     ,
    59.8441590254216     ,  -225.840216034363     , -0.223140558615048     ,   666.074038205711     ,   1490.33412640695     ,
   -1088.79696458395     ,  -343.273388099762     ,  -26.5169048970707     ,  0.115113333345477     , -0.120902354685500     ,
  -0.131104633033786     ,  1.803668404196366E-002,  0.181132981440252     ,  0.120146809264465     , -6.635406237001515E-002,
  -0.366682996632690     , -0.639535198990867     , -0.281892358350557     ,   1.88668445038166     ,  0.306935210010494     ,
   0.851282821734442     , -8.193643706525544E-002, -0.757119965435657     ,  0.114872607585890     , -0.326919168742867     ,
  -5.709902116630523E-002, -0.949427588485767     ,  0.767665229257555     , -0.360942614382927     ,  0.302354065938013     ,
  -0.293186246795102     , -0.347884455520807     ,  0.577127153905144     , -0.494841073877543     , -0.308080848934029     ,
   3.230918629255343E-002, -0.201939476420540     , -0.495390638118068     , -0.201515290795005     ,  0.244957322223997     ,
   0.402421878472346     , -0.372827147482041     ,  0.181024730201583     , -0.291923565925717     ,  3.297548349073681E-003,
   0.782225201560159     , -0.349868680074154     , -5.796337617375611E-002,  0.137504480652419     , -0.211416465055235     ,
  -0.304584590548067     , -0.245363594343545     , -0.332292295013767     ,  0.317314978474032     , -8.357123339684681E-002,
   0.552105041327691     ,  0.329655270456726     ,  0.907320768053189     , -0.516979537104138     ,  0.292513777348471     ,
  -8.177895103434283E-003,  0.170973303197552     , 236*0.000000000000000E+000  ,
 ICURRT  =           2,
 RBDRY   =  0.185180072242711     ,  0.186937416365888     ,  0.192373328437168     ,  0.204283151656229     ,
   0.212404862240453     ,  0.233122282295152     ,  0.247722323293448     ,  0.277500000000000     ,  0.310104889398908     ,
   0.340408692135398     ,  0.377812500000000     ,  0.411250000000000     ,  0.444687500000000     ,  0.511562500000000     ,
   0.545000000000000     ,  0.611875000000000     ,  0.645312500000000     ,  0.712187500000000     ,  0.779062500000000     ,
   0.812500000000000     ,  0.879375000000000     ,  0.912812500000000     ,  0.975402141522601     ,   1.01312500000000     ,
    1.05750479175287     ,   1.11343750000000     ,   1.14687500000000     ,   1.19421178215378     ,   1.24718750000000     ,
    1.28062500000000     ,   1.31406250000000     ,   1.34750000000000     ,   1.38093750000000     ,   1.41437500000000     ,
    1.44781250000000     ,   1.48089974887038     ,   1.49563162173448     ,   1.50738222275337     ,   1.49490663226241     ,
    1.48009383296660     ,   1.44781250000000     ,   1.41437500000000     ,   1.38093750000000     ,   1.34750000000000     ,
    1.31406250000000     ,   1.28062500000000     ,   1.24718750000000     ,   1.19876325988444     ,   1.14687500000000     ,
    1.11343750000000     ,   1.06465174202474     ,   1.01312500000000     ,  0.979687500000000     ,  0.912812500000000     ,
   0.879375000000000     ,  0.812500000000000     ,  0.779062500000000     ,  0.712187500000000     ,  0.661717873830829     ,
   0.611875000000000     ,  0.545000000000000     ,  0.511562500000000     ,  0.444687500000000     ,  0.411250000000000     ,
   0.375685940086830     ,  0.337587361883038     ,  0.307833957273335     ,  0.277500000000000     ,  0.246601476884185     ,
   0.232142166204243     ,  0.211885015735006     ,  0.203843020571152     ,  0.192192315123971     ,  0.186869341771152     ,
   0.185180072242711     , 125*0.000000000000000E+000  ,
 ZBDRY   =  0.000000000000000E+000,  0.137500000000000     ,  0.275000000000000     ,  0.412500000000000     ,
   0.481250000000000     ,  0.618750000000000     ,  0.687500000000000     ,  0.800689001076736     ,  0.893750000000000     ,
   0.962500000000000     ,   1.02876837481858     ,   1.07639014553718     ,   1.11223174595594     ,   1.15980804023155     ,
    1.17068166590740     ,   1.17347400712670     ,   1.16549947965769     ,   1.14039391652805     ,   1.10079012474677     ,
    1.08133921739109     ,   1.03487882955425     ,   1.01158265424138     ,  0.962500000000000     ,  0.933026537889393     ,
   0.893750000000000     ,  0.842611749788426     ,  0.808814207328906     ,  0.756250000000000     ,  0.690722852504137     ,
   0.644209790653492     ,  0.592499886903415     ,  0.535097362027193     ,  0.471100706771781     ,  0.398574713108458     ,
   0.313264296998652     ,  0.206250000000000     ,  0.137500000000000     ,  0.000000000000000E+000, -0.137500000000000     ,
  -0.206250000000000     , -0.311655017268230     , -0.398326684816914     , -0.472062548512202     , -0.537141475879318     ,
  -0.595530140425858     , -0.648117570196826     , -0.695403821578420     , -0.756250000000000     , -0.814530288978300     ,
  -0.848790205102763     , -0.893750000000000     , -0.939626631972073     , -0.966401559018092     ,  -1.01864502511696     ,
   -1.04312621420369     ,  -1.08913757039859     ,  -1.11052397212057     ,  -1.14948142582120     ,  -1.16875000000000     ,
   -1.18561664199187     ,  -1.18249467507704     ,  -1.16772915252409     ,  -1.12035680283390     ,  -1.08272917126983     ,
   -1.03125000000000     , -0.962500000000000     , -0.893750000000000     , -0.806062013118025     , -0.687500000000000     ,
  -0.618750000000000     , -0.481250000000000     , -0.412500000000000     , -0.275000000000000     , -0.137500000000000     ,
  126*0.000000000000000E+000  ,
 NBDRY   =          75,
 FWTSI   = 4*0.000000000000000E+000  ,   219.296393617518     ,   233.724807895620     ,   300.231295788425     ,
   0.000000000000000E+000,   1226.31912468735     ,   534.533812461219     ,   175.807273596975     ,   217.971199665922     ,
    232.236742785859     ,   301.805802808702     ,   260.465381832613     ,   154.883549564192     ,   263.959608140559     ,
    228.474073027223     ,   869.525476296492     ,   812.138695990721     ,   461.561523282449     ,   748.627029070933     ,
   0.000000000000000E+000,   475.791417014687     ,  0.000000000000000E+000,   791.075000710148     ,  0.000000000000000E+000,
    743.789240279546     ,   815.577068548425     ,  0.000000000000000E+000,   785.824336876456     ,  0.000000000000000E+000,
    744.596283461723     ,  0.000000000000000E+000,   746.585160352087     ,  0.000000000000000E+000,   779.182052658452     ,
   0.000000000000000E+000,   747.483822200161     ,  0.000000000000000E+000,   674.920526252002     ,
  9*0.000000000000000E+000  ,   387.951842229650     ,   382.199476879066     ,  0.000000000000000E+000,   306.669007000971     ,
    329.369920776159     ,   324.799115319965     ,   371.155493456128     ,   355.321205018199     ,   334.274877693009     ,
    332.270648731029     ,   332.747401761046     ,   337.930157731121     ,   329.638475001962     ,   327.694745554681     ,
    327.864384903660     ,  0.000000000000000E+000,
 FWTCUR  =  5.013688799323461E-005,
 MXITER  =          15,
 NXITER  =           1,
 LIMITR  =          49,
 XLIM    = 2*0.185100000000000       , 2*0.279400000000000       ,  0.297900000000000     , 2*0.571200000000000       ,
  2*0.391700000000000       , 2*0.521000000000000       , 2*0.600000000000000       , 2*0.617000000000000       ,
    1.19400000000000     ,   1.04330000000000     ,   1.31920000000000     ,   1.33580000000000     ,   1.48510000000000     ,
    1.48900000000000     ,   1.56380000000000     ,   1.57000000000000     ,   1.57370000000000     ,   1.57500000000000     ,
    1.57370000000000     ,   1.57000000000000     ,   1.56380000000000     ,   1.48900000000000     ,   1.48510000000000     ,
    1.33580000000000     ,   1.31920000000000     ,   1.04330000000000     ,   1.19400000000000     ,
  2*0.617000000000000       , 2*0.600000000000000       , 2*0.521000000000000       , 2*0.391700000000000       ,
  2*0.571200000000000       ,  0.297900000000000     , 2*0.279400000000000       , 3*0.185100000000000       ,
  110*0.000000000000000E+000  ,
 YLIM    =  0.000000000000000E+000,   1.00810000000000     ,   1.17140000000000     ,   1.57800000000000     ,
  2*1.60340000000000        , 2*1.67960000000000        , 2*1.94730000000000        , 2*1.84410000000000        ,
  2*1.71060000000000        ,   1.62800000000000     ,   1.40100000000000     ,   1.43000000000000     ,   1.03970000000000     ,
   0.997600000000000     ,  0.545000000000000     ,  0.490000000000000     ,  0.114100000000000     ,  7.636000000000000E-002,
   3.826100000000000E-002,  0.000000000000000E+000, -3.826100000000000E-002, -7.636000000000000E-002, -0.114100000000000     ,
  -0.490000000000000     , -0.545000000000000     , -0.997600000000000     ,  -1.03970000000000     ,  -1.43000000000000     ,
   -1.40100000000000     ,  -1.62800000000000     , 2*-1.71060000000000       , 2*-1.84410000000000       ,
  2*-1.94730000000000       , 2*-1.67960000000000       , 2*-1.60340000000000       ,  -1.57800000000000     ,
   -1.17140000000000     ,  -1.00810000000000     , 112*0.000000000000000E+000  ,
 ERROR   =  1.000000000000000E-004,
 ICONVR  =           2,
 IBUNMN  =           3,
 PRESSR  =   94.1698305240614     , 131*1.00000000000000        ,
 RPRESS  = -0.900000000000000     , 131*1.00000000000000        ,
 QPSI    =   1.07206245960222     ,   1.09043647715176     ,   1.08684440644064     ,   1.08201463411635     ,
    1.08407509726221     ,   1.08385596204424     ,   1.08574128266556     ,   1.08844749397957     ,   1.09049137794236     ,
    1.09351610112143     ,   1.09767569645300     ,   1.10131593372010     ,   1.10516044797420     ,   1.10979422545860     ,
    1.11531367129009     ,   1.12077077603175     ,   1.12633570665138     ,   1.13281116290044     ,   1.13985383173289     ,
    1.14748796295434     ,   1.15544133180079     ,   1.16388508890681     ,   1.17300700542450     ,   1.18299757600892     ,
    1.19379740827054     ,   1.20506708087757     ,   1.21711873665672     ,   1.23012546006033     ,   1.24412031227901     ,
    1.25914306490007     ,   1.27531245442600     ,   1.29242988495262     ,   1.31089885596123     ,   1.33080070890236     ,
    1.35207461147257     ,   1.37519933134245     ,   1.40001140897690     ,   1.42660849695834     ,   1.45551331131918     ,
    1.48676335588609     ,   1.52045833899681     ,   1.55733178066990     ,   1.59726605278650     ,   1.64064067994901     ,
    1.68844202388513     ,   1.74035702113058     ,   1.79761254658877     ,   1.86082461504903     ,   1.93051470923923     ,
    2.00851514657523     ,   2.09471670988296     ,   2.19182354270934     ,   2.30142733332712     ,   2.42590857104952     ,
    2.56747357838189     ,   2.73009319029114     ,   2.92179269158603     ,   3.14795117692907     ,   3.42010471094386     ,
    3.74313122481060     ,   4.13191219880466     ,   4.63740996501495     ,   5.34694950019044     ,   6.43646854675686     ,
    7.75460929932117     ,
 PRESSW  = 65*0.000000000000000E+000  ,
 PRES    =   4280.03345804579     ,   4277.05909045865     ,   4267.96374059587     ,   4252.94479121775     ,
    4232.19962508456     ,   4205.92562495659     ,   4174.32017359412     ,   4137.58065375742     ,   4095.90444820679     ,
    4049.48893970251     ,   3998.53151100485     ,   3943.22954487410     ,   3883.78042407053     ,   3820.38153135445     ,
    3753.23024948611     ,   3682.52396122581     ,   3608.46004933384     ,   3531.23589657046     ,   3451.04888569596     ,
    3368.09639947063     ,   3282.57582065475     ,   3194.68453200859     ,   3104.61991629245     ,   3012.57935626660     ,
    2918.76023469132     ,   2823.35993432690     ,   2726.57583793362     ,   2628.60532827176     ,   2529.64578810161     ,
    2429.89460018344     ,   2329.54914727754     ,   2228.80681214418     ,   2127.86497754366     ,   2026.92102623625     ,
    1926.17234098224     ,   1825.81630454190     ,   1726.05029967553     ,   1627.07170914339     ,   1529.07791570578     ,
    1432.26630212297     ,   1336.83425115526     ,   1242.97914556291     ,   1150.89836810621     ,   1060.78930154545     ,
    972.849328640904     ,   887.275832152855     ,   804.266194841587     ,   724.017799467380     ,   646.728028790518     ,
    572.594265571282     ,   501.813892569954     ,   434.584292546816     ,   371.102848262151     ,   311.566942476239     ,
    256.173957949365     ,   205.121277441808     ,   158.606283713852     ,   116.826359525779     ,   79.9788876378695     ,
    48.2612508104070     ,   21.8708318036732     ,   1.00501337795006     ,  -14.1388217064804     ,  -23.3632906893361     ,
   -26.4710108103350     ,
 NQPSI   =          65
 $END
 $BASIS
 KPPFNC  =           0,
 KPPKNT  =           3,
 PPKNT   =  0.000000000000000E+000,  0.300000000000000     ,   1.00000000000000     , 17*0.000000000000000E+000  ,
 PPTENS  =   5.00000000000000     ,
 KFFFNC  =           0,
 KFFKNT  =           3,
 FFKNT   =  0.000000000000000E+000,  0.300000000000000     ,   1.00000000000000     , 17*0.000000000000000E+000  ,
 FFTENS  =   5.00000000000000     ,
 KWWFNC  =           0,
 KWWKNT  =           0,
 WWKNT   = 20*0.000000000000000E+000  ,
 WWTENS  =  0.000000000000000E+000,
 PPBDRY  =  -97.0670909183554     ,   648301.676058076     , 18*0.000000000000000E+000  ,
 PP2BDRY = 20*0.000000000000000E+000  ,
 KPPBDRY = 20*0,
 KPP2BDRY        = 20*0,
 FFBDRY  =  0.814679913125600     , -0.187647809333652     ,  6.292583572221327E-005, 17*0.000000000000000E+000  ,
 FF2BDRY = 20*0.000000000000000E+000  ,
 KFFBDRY = 20*0,
 KFF2BDRY        = 20*0,
 WWBDRY  =  -11534.9662763808     ,  -52.5930378920781     , 18*0.000000000000000E+000  ,
 WW2BDRY = 20*0.000000000000000E+000  ,
 KWWBDRY = 20*0,
 KWW2BDRY        = 20*0
 $END
 $CHIOUT
 SAISIL  = 4*0.000000000000000E+000  ,  1.566370543719691E-002,  0.613165125579455     ,  9.598896558893271E-003,
   0.000000000000000E+000,  1.364182112525552E-002,  3.682183586263452E-004,  0.306109188003379     ,  9.605517454049591E-003,
   0.539790617646611     ,  3.613901199982800E-002,  0.324147389457574     ,  3.258730104098005E-004,  0.817555570057990     ,
   1.303682789386120E-002,  0.103805397809407     ,  5.249406087581199E-002,  0.342741868012540     ,  3.774375100554418E-002,
   0.000000000000000E+000,  2.410570626310474E-002,  0.000000000000000E+000,  0.240394677155489     ,  0.000000000000000E+000,
   6.716534524115991E-002,  0.115048898556221     ,  0.000000000000000E+000,  7.998133508263815E-002,  0.000000000000000E+000,
   8.278643811771896E-002,  0.000000000000000E+000,  0.211854232810960     ,  0.000000000000000E+000,  0.261557021560016     ,
   0.000000000000000E+000,  0.251522789331264     ,  0.000000000000000E+000,  0.508289039264423     ,
  9*0.000000000000000E+000  ,  0.407737516145459     ,  0.105776585344603     ,  0.000000000000000E+000,  1.060205692986101E-005,
   0.615434750467927     ,  0.129076359687118     ,  3.694715740369294E-003,  3.269480095646981E-004,  6.099746124946250E-003,
   1.117805030572285E-002,  3.181529219601180E-002,  1.797621600706713E-002,  1.950770774691435E-003,  2.892314027718475E-004,
   1.495175315900854E-003,  0.000000000000000E+000,
 SAIMPI  =  0.000000000000000E+000,  1.338331834847111E-002,  4.366693887480263E-002, 2*0.000000000000000E+000  ,
   0.285661826279558     ,  0.000000000000000E+000,  7.458539954744856E-002, 2*0.000000000000000E+000  ,  1.290239015140406E-003,
  4*0.000000000000000E+000  ,  7.490885306184669E-004,  5.542861238539442E-004,  3.625581789961157E-002,  0.000000000000000E+000,
   1.995303868614304E-003,  2.593862485016905E-003,  4.299963559843099E-003,  1.732588674668432E-003,  3.595032205526314E-003,
   6.633317130155077E-003,  0.000000000000000E+000,  2.684047658998010E-002,  1.442009194519183E-003,
 SAIPR   =  0.000000000000000E+000,
 SAIIP   =  0.000000000000000E+000
 $END
                                            KIN
