  EFITD    07/24/96      #108418 , 361ms           3  65  65
 0.214000000E+01 0.440000000E+01 0.850000000E+00 0.100000000E-01 0.000000000E+00
 0.103186097E+01-0.359462920E-01-0.492250581E-01 0.159043480E-01-0.444585000E+00
 0.776558752E+06-0.492250581E-01 0.000000000E+00 0.103186097E+01 0.000000000E+00
-0.359462920E-01 0.000000000E+00 0.159043480E-01 0.000000000E+00 0.000000000E+00
-0.397068811E+00-0.396921806E+00-0.396741668E+00-0.396529962E+00-0.396288278E+00
-0.396018233E+00-0.395721467E+00-0.395399642E+00-0.395054438E+00-0.394687553E+00
-0.394300698E+00-0.393895597E+00-0.393473983E+00-0.393037596E+00-0.392588182E+00
-0.392127486E+00-0.391657251E+00-0.391179220E+00-0.390695124E+00-0.390206685E+00
-0.389715611E+00-0.389223595E+00-0.388732305E+00-0.388243389E+00-0.387758464E+00
-0.387279116E+00-0.386806897E+00-0.386343317E+00-0.385889844E+00-0.385447899E+00
-0.385018850E+00-0.384604009E+00-0.384204628E+00-0.383821895E+00-0.383456928E+00
-0.383110774E+00-0.382784399E+00-0.382478691E+00-0.382194449E+00-0.381932382E+00
-0.381693105E+00-0.381477133E+00-0.381284880E+00-0.381116651E+00-0.380972640E+00
-0.380852927E+00-0.380757472E+00-0.380686114E+00-0.380638565E+00-0.380614407E+00
-0.380613091E+00-0.380633930E+00-0.380676099E+00-0.380738631E+00-0.380820414E+00
-0.380920187E+00-0.381036539E+00-0.381167906E+00-0.381312568E+00-0.381468646E+00
-0.381634101E+00-0.381806729E+00-0.381984159E+00-0.382163853E+00-0.382343100E+00
 0.264004125E+05 0.261099944E+05 0.258035817E+05 0.254816596E+05 0.251447319E+05
 0.247933203E+05 0.244279631E+05 0.240492146E+05 0.236576443E+05 0.232538353E+05
 0.228383842E+05 0.224118994E+05 0.219750009E+05 0.215283186E+05 0.210724921E+05
 0.206081693E+05 0.201360055E+05 0.196566628E+05 0.191708088E+05 0.186791158E+05
 0.181822598E+05 0.176809198E+05 0.171757767E+05 0.166675122E+05 0.161568083E+05
 0.156443457E+05 0.151308038E+05 0.146168589E+05 0.141031836E+05 0.135904461E+05
 0.130793089E+05 0.125704280E+05 0.120644521E+05 0.115620214E+05 0.110637669E+05
 0.105703095E+05 0.100822586E+05 0.960021201E+04 0.912475413E+04 0.865645559E+04
 0.819587212E+04 0.774354363E+04 0.729999332E+04 0.686572667E+04 0.644123060E+04
 0.602697246E+04 0.562339914E+04 0.523093614E+04 0.484998660E+04 0.448093043E+04
 0.412412330E+04 0.377989577E+04 0.344855234E+04 0.313037050E+04 0.282559981E+04
 0.253446099E+04 0.225714494E+04 0.199381186E+04 0.174459025E+04 0.150957608E+04
 0.128883173E+04 0.108238518E+04 0.890228997E+03 0.712319421E+03 0.548575452E+03
-0.507451371E-01-0.639515653E-01-0.765377603E-01-0.884905646E-01-0.997981360E-01
-0.110449947E+00-0.120436787E+00-0.129750758E+00-0.138385279E+00-0.146335083E+00
-0.153596220E+00-0.160166052E+00-0.166043260E+00-0.171227838E+00-0.175721094E+00
-0.179525654E+00-0.182645458E+00-0.185085759E+00-0.186853129E+00-0.187955453E+00
-0.188401930E+00-0.188203077E+00-0.187370725E+00-0.185918018E+00-0.183859420E+00
-0.181210704E+00-0.177988964E+00-0.174212606E+00-0.169901350E+00-0.165076236E+00
-0.159759613E+00-0.153975150E+00-0.147747830E+00-0.141103949E+00-0.134071120E+00
-0.126678271E+00-0.118955646E+00-0.110934803E+00-0.102648614E+00-0.941312695E-01
-0.854182720E-01-0.765464407E-01-0.675539098E-01-0.584801284E-01-0.493658609E-01
-0.402531870E-01-0.311855014E-01-0.222075139E-01-0.133652496E-01-0.470604882E-02
 0.372143312E-02 0.118672256E-01 0.196800430E-01 0.271072843E-01 0.340950335E-01
 0.405880594E-01 0.465298156E-01 0.518624404E-01 0.565267573E-01 0.604622742E-01
 0.636071842E-01 0.658983650E-01 0.672713793E-01 0.676604744E-01 0.669985827E-01
-0.277406478E+06-0.293357390E+06-0.308840963E+06-0.323838374E+06-0.338331715E+06
-0.352303995E+06-0.365739138E+06-0.378621986E+06-0.390938294E+06-0.402674738E+06
-0.413818905E+06-0.424359303E+06-0.434285353E+06-0.443587393E+06-0.452256677E+06
-0.460285377E+06-0.467666579E+06-0.474394285E+06-0.480463417E+06-0.485869807E+06
-0.490610210E+06-0.494682291E+06-0.498084636E+06-0.500816745E+06-0.502879033E+06
-0.504272835E+06-0.505000398E+06-0.505064888E+06-0.504470386E+06-0.503221890E+06
-0.501325313E+06-0.498787486E+06-0.495616155E+06-0.491819981E+06-0.487408544E+06
-0.482392339E+06-0.476782775E+06-0.470592182E+06-0.463833801E+06-0.456521793E+06
-0.448671234E+06-0.440298115E+06-0.431419345E+06-0.422052749E+06-0.412217066E+06
-0.401931954E+06-0.391217986E+06-0.380096652E+06-0.368590356E+06-0.356722421E+06
-0.344517085E+06-0.331999501E+06-0.319195740E+06-0.306132789E+06-0.292838550E+06
-0.279341843E+06-0.265672402E+06-0.251860879E+06-0.237938842E+06-0.223938774E+06
-0.209894075E+06-0.195839063E+06-0.181808968E+06-0.167839940E+06-0.153969044E+06
 0.364953084E-04 0.674534107E-03 0.200082685E-02 0.367577574E-02 0.511940732E-02
 0.611660140E-02 0.675105895E-02 0.711710140E-02 0.728619197E-02 0.730756130E-02
 0.721472913E-02 0.703139352E-02 0.677564842E-02 0.646295725E-02 0.610842554E-02
 0.572876249E-02 0.534415474E-02 0.498011215E-02 0.466914895E-02 0.445191275E-02
 0.437710826E-02 0.449944469E-02 0.487512727E-02 0.555525096E-02 0.657853155E-02
 0.796545394E-02 0.971566369E-02 0.118093592E-01 0.142120196E-01 0.168806855E-01
 0.197698056E-01 0.228353768E-01 0.260371190E-01 0.293390988E-01 0.327094199E-01
 0.361195013E-01 0.395432900E-01 0.429565951E-01 0.463366313E-01 0.496617938E-01
 0.529116527E-01 0.560671329E-01 0.591108286E-01 0.620273937E-01 0.648039419E-01
 0.674303949E-01 0.698997228E-01 0.722080404E-01 0.743545411E-01 0.763412748E-01
 0.781727948E-01 0.798557110E-01 0.813981959E-01 0.828094856E-01 0.840994131E-01
 0.852779990E-01 0.863551162E-01 0.873402322E-01 0.882422260E-01 0.890692723E-01
 0.898287819E-01 0.905273856E-01 0.911709517E-01 0.917646260E-01 0.923128868E-01
 0.678446896E-04 0.128233634E-02 0.403802770E-02 0.841451049E-02 0.105056632E-01
 0.106906496E-01 0.105914000E-01 0.103449100E-01 0.100014129E-01 0.958112374E-02
 0.909295297E-02 0.854121672E-02 0.792844262E-02 0.725699780E-02 0.653050702E-02
 0.575554882E-02 0.494398536E-02 0.411620970E-02 0.330543858E-02 0.256270094E-02
 0.196104715E-02 0.159574494E-02 0.157627605E-02 0.200873033E-02 0.297357273E-02
 0.450752876E-02 0.659639305E-02 0.918158791E-02 0.121780473E-01 0.154949509E-01
 0.190503696E-01 0.227771003E-01 0.266223084E-01 0.305445053E-01 0.345100808E-01
 0.384903407E-01 0.424593013E-01 0.463922192E-01 0.502647584E-01 0.540526919E-01
 0.577320455E-01 0.612795939E-01 0.646736087E-01 0.678947423E-01 0.709269192E-01
 0.737581029E-01 0.763808251E-01 0.787924003E-01 0.809947968E-01 0.829941910E-01
 0.848002738E-01 0.864254055E-01 0.878837240E-01 0.891902950E-01 0.903603715E-01
 0.914087996E-01 0.923495818E-01 0.931955908E-01 0.939584100E-01 0.946482780E-01
 0.952741084E-01 0.958435612E-01 0.963631465E-01 0.968383453E-01 0.972737347E-01
 0.977205616E-04 0.185607945E-02 0.590573395E-02 0.124787381E-01 0.171772601E-01
 0.160131060E-01 0.147776599E-01 0.137550064E-01 0.128242625E-01 0.119253564E-01
 0.110222716E-01 0.100901734E-01 0.910992218E-02 0.806551640E-02 0.694288710E-02
 0.572989516E-02 0.441794276E-02 0.300569912E-02 0.150639001E-02-0.388961080E-04
-0.153939086E-02-0.282792855E-02-0.365627125E-02-0.375378784E-02-0.291857978E-02
-0.107213294E-02 0.171855000E-02 0.525602132E-02 0.929563224E-02 0.136372026E-01
 0.181499435E-01 0.227558538E-01 0.274086868E-01 0.320791143E-01 0.367456446E-01
 0.413892858E-01 0.459904827E-01 0.505274689E-01 0.549755810E-01 0.593073166E-01
 0.634930271E-01 0.675021665E-01 0.713049802E-01 0.748744536E-01 0.781882683E-01
 0.812304832E-01 0.839926743E-01 0.864743571E-01 0.886826416E-01 0.906312128E-01
 0.923388347E-01 0.938276382E-01 0.951214342E-01 0.962442431E-01 0.972191462E-01
 0.980674887E-01 0.988084092E-01 0.994586352E-01 0.100032478E+00 0.100541960E+00
 0.100997020E+00 0.101405760E+00 0.101774699E+00 0.102109015E+00 0.102412779E+00
 0.115400931E-03 0.218571693E-02 0.690436039E-02 0.144073275E-01 0.199351069E-01
 0.190408057E-01 0.176472819E-01 0.163440504E-01 0.151091059E-01 0.139105647E-01
 0.127165884E-01 0.114969866E-01 0.102227283E-01 0.886683485E-02 0.740040795E-02
 0.578693392E-02 0.398581699E-02 0.194987258E-02-0.374178822E-03-0.303833510E-02
-0.607138570E-02-0.937605675E-02-0.122851904E-01-0.136339109E-01-0.131230358E-01
-0.105318866E-01-0.585135743E-02-0.338764159E-04 0.592904489E-02 0.118023931E-01
 0.175528348E-01 0.231934322E-01 0.287457591E-01 0.342281589E-01 0.396516516E-01
 0.450184582E-01 0.503214820E-01 0.555442145E-01 0.606610027E-01 0.656378308E-01
 0.704338454E-01 0.750038150E-01 0.793015455E-01 0.832840120E-01 0.869156720E-01
 0.901722400E-01 0.930432074E-01 0.955326178E-01 0.976579963E-01 0.994477439E-01
 0.100937619E+00 0.102167034E+00 0.103175770E+00 0.104001492E+00 0.104678142E+00
 0.105235143E+00 0.105697201E+00 0.106084522E+00 0.106413258E+00 0.106696049E+00
 0.106942588E+00 0.107160157E+00 0.107354094E+00 0.107528210E+00 0.107685125E+00
 0.123661599E-03 0.233739387E-02 0.734955618E-02 0.151980474E-01 0.211144485E-01
 0.204838110E-01 0.192201204E-01 0.179370733E-01 0.166495625E-01 0.153551883E-01
 0.140397536E-01 0.126807581E-01 0.112484579E-01 0.971553197E-02 0.805028953E-02
 0.618701413E-02 0.405970357E-02 0.158643679E-02-0.136180852E-02-0.497464964E-02
-0.956701867E-02-0.156749881E-01-0.235496080E-01-0.252013368E-01-0.255486047E-01
-0.226417685E-01-0.136145726E-01-0.410425504E-02 0.403638519E-02 0.113755720E-01
 0.182176444E-01 0.247477292E-01 0.310836038E-01 0.373005960E-01 0.434446930E-01
 0.495394573E-01 0.555894222E-01 0.615814614E-01 0.674851777E-01 0.732532721E-01
 0.788229271E-01 0.841192393E-01 0.890613932E-01 0.935714298E-01 0.975843203E-01
 0.101057181E+00 0.103975364E+00 0.106353892E+00 0.108233960E+00 0.109675588E+00
 0.110748565E+00 0.111523964E+00 0.112067814E+00 0.112437435E+00 0.112680068E+00
 0.112833076E+00 0.112925008E+00 0.112977009E+00 0.113004253E+00 0.113017243E+00
 0.113022911E+00 0.113025517E+00 0.113027363E+00 0.113029344E+00 0.113031375E+00
 0.126954112E-03 0.239782315E-02 0.752741908E-02 0.155699374E-01 0.216181274E-01
 0.211283255E-01 0.199832902E-01 0.187860913E-01 0.175555485E-01 0.162959161E-01
 0.149995740E-01 0.136499954E-01 0.122238704E-01 0.106916861E-01 0.901544600E-02
 0.714510247E-02 0.501599169E-02 0.254744014E-02-0.385984434E-03-0.396186033E-02
-0.843788464E-02-0.143921351E-01-0.229274611E-01-0.235950188E-01-0.238446299E-01
-0.210124908E-01-0.116623319E-01-0.203773011E-02 0.627180812E-02 0.138515573E-01
 0.210020309E-01 0.279070750E-01 0.346869256E-01 0.414219312E-01 0.481645524E-01
 0.549450972E-01 0.617734607E-01 0.686379581E-01 0.755019905E-01 0.822995624E-01
 0.889316337E-01 0.952667254E-01 0.101149957E+00 0.106422609E+00 0.110948817E+00
 0.114641185E+00 0.117477354E+00 0.119503012E+00 0.120820271E+00 0.121564641E+00
 0.121878762E+00 0.121891994E+00 0.121709999E+00 0.121412790E+00 0.121057560E+00
 0.120683212E+00 0.120314874E+00 0.119967717E+00 0.119649914E+00 0.119364846E+00
 0.119112694E+00 0.118891581E+00 0.118698365E+00 0.118529198E+00 0.118379916E+00
 0.127309740E-03 0.240414557E-02 0.754514482E-02 0.155711474E-01 0.216856220E-01
 0.212253510E-01 0.201498129E-01 0.190513848E-01 0.179398224E-01 0.168080339E-01
 0.156415735E-01 0.144233867E-01 0.131349555E-01 0.117557795E-01 0.102618933E-01
 0.862486926E-02 0.681118306E-02 0.478202518E-02 0.249831500E-02-0.535018424E-04
-0.287176547E-02-0.581840380E-02-0.826326058E-02-0.921083505E-02-0.830649924E-02
-0.534837088E-02-0.368894833E-03 0.582517288E-02 0.123622449E-01 0.189933629E-01
 0.256795091E-01 0.324393952E-01 0.393080038E-01 0.463229465E-01 0.535189834E-01
 0.609247537E-01 0.685590392E-01 0.764246857E-01 0.844983156E-01 0.927138880E-01
 0.100939365E+00 0.108951867E+00 0.116432106E+00 0.123010426E+00 0.128360281E+00
 0.132279413E+00 0.134729918E+00 0.135847969E+00 0.135915511E+00 0.135276237E+00
 0.134237325E+00 0.133021964E+00 0.131772305E+00 0.130570728E+00 0.129460432E+00
 0.128460389E+00 0.127575142E+00 0.126800956E+00 0.126129583E+00 0.125550567E+00
 0.125052609E+00 0.124624396E+00 0.124255070E+00 0.123934490E+00 0.123653370E+00
 0.125362346E-03 0.236638419E-02 0.742094492E-02 0.153060277E-01 0.212477882E-01
 0.206728953E-01 0.196346527E-01 0.187158718E-01 0.178434349E-01 0.169548090E-01
 0.160212399E-01 0.150288197E-01 0.139716213E-01 0.128470278E-01 0.116486532E-01
 0.103721561E-01 0.901905655E-02 0.759211781E-02 0.610576918E-02 0.460305568E-02
 0.318402415E-02 0.227210320E-02 0.188134326E-02 0.228821951E-02 0.370578279E-02
 0.619268714E-02 0.972747403E-02 0.141598748E-01 0.192841844E-01 0.249330250E-01
 0.309993289E-01 0.374296343E-01 0.442088778E-01 0.513462261E-01 0.588673719E-01
 0.668107690E-01 0.752249890E-01 0.841648922E-01 0.936833342E-01 0.103812145E+00
 0.114516555E+00 0.125581046E+00 0.136356836E+00 0.145650515E+00 0.152583991E+00
 0.156748921E+00 0.158067575E+00 0.156782389E+00 0.153837078E+00 0.150402457E+00
 0.147078616E+00 0.144079964E+00 0.141459631E+00 0.139207470E+00 0.137289855E+00
 0.135666327E+00 0.134296591E+00 0.133143303E+00 0.132172979E+00 0.131356093E+00
 0.130666838E+00 0.130082772E+00 0.129584440E+00 0.129155031E+00 0.128780060E+00
 0.122500988E-03 0.230919448E-02 0.721528564E-02 0.147992183E-01 0.199520155E-01
 0.183904790E-01 0.178567510E-01 0.178192377E-01 0.174642815E-01 0.169218726E-01
 0.162728041E-01 0.155363065E-01 0.147314126E-01 0.138931838E-01 0.130139051E-01
 0.121049256E-01 0.112094847E-01 0.103370259E-01 0.951977915E-02 0.880896669E-02
 0.828589084E-02 0.824323236E-02 0.869496671E-02 0.969071445E-02 0.113317510E-01
 0.136124764E-01 0.166703014E-01 0.204567286E-01 0.249246792E-01 0.300706154E-01
 0.357252997E-01 0.418779821E-01 0.485344767E-01 0.556979311E-01 0.633993302E-01
 0.716952194E-01 0.806754775E-01 0.904737180E-01 0.101276968E+00 0.113345211E+00
 0.127055223E+00 0.143019611E+00 0.162625828E+00 0.177609385E+00 0.187617821E+00
 0.190913815E+00 0.192751802E+00 0.182874667E+00 0.172069884E+00 0.164154061E+00
 0.158038994E+00 0.153215174E+00 0.149362762E+00 0.146259437E+00 0.143743567E+00
 0.141694129E+00 0.140018310E+00 0.138643450E+00 0.137511656E+00 0.136576119E+00
 0.135798539E+00 0.135147295E+00 0.134596109E+00 0.134123056E+00 0.133709813E+00
 0.121386469E-03 0.228963493E-02 0.716750422E-02 0.147308842E-01 0.201734152E-01
 0.192140514E-01 0.183109433E-01 0.178783520E-01 0.174987564E-01 0.170664548E-01
 0.165731173E-01 0.160281730E-01 0.154457130E-01 0.148423327E-01 0.142366358E-01
 0.136509259E-01 0.131128451E-01 0.126559916E-01 0.123225040E-01 0.121669767E-01
 0.122588104E-01 0.126730178E-01 0.134723686E-01 0.147227099E-01 0.164849118E-01
 0.187486052E-01 0.215445692E-01 0.249557532E-01 0.291923998E-01 0.339741410E-01
 0.392652441E-01 0.451648002E-01 0.516836854E-01 0.587413535E-01 0.664659981E-01
 0.747928574E-01 0.838413044E-01 0.938068975E-01 0.104952062E+00 0.117625890E+00
 0.132354609E+00 0.149950874E+00 0.171479056E+00 0.188124999E+00 0.198996366E+00
 0.202613444E+00 0.203471004E+00 0.192375164E+00 0.179704914E+00 0.170362192E+00
 0.163388053E+00 0.158068312E+00 0.153937150E+00 0.150686654E+00 0.148105250E+00
 0.146041695E+00 0.144384037E+00 0.143046941E+00 0.141963787E+00 0.141081571E+00
 0.140357501E+00 0.139756668E+00 0.139250393E+00 0.138815033E+00 0.138431086E+00
 0.121069492E-03 0.228472500E-02 0.716122067E-02 0.147881715E-01 0.203264835E-01
 0.195313699E-01 0.185755090E-01 0.180263120E-01 0.176357956E-01 0.172678835E-01
 0.168804928E-01 0.164683463E-01 0.160404602E-01 0.156126685E-01 0.152053162E-01
 0.148428374E-01 0.145540241E-01 0.143725100E-01 0.143372195E-01 0.144923450E-01
 0.148862483E-01 0.155690734E-01 0.165899587E-01 0.179946502E-01 0.198231294E-01
 0.221107396E-01 0.248951325E-01 0.282088307E-01 0.320634706E-01 0.364992658E-01
 0.415225002E-01 0.471120376E-01 0.533877103E-01 0.604920779E-01 0.680814599E-01
 0.757446115E-01 0.842061894E-01 0.934523815E-01 0.103769086E+00 0.115167499E+00
 0.127910299E+00 0.142247797E+00 0.158238732E+00 0.171185714E+00 0.180141544E+00
 0.184392985E+00 0.185325297E+00 0.179994785E+00 0.172657000E+00 0.166601305E+00
 0.161720131E+00 0.157805691E+00 0.154673427E+00 0.152170876E+00 0.150174526E+00
 0.148584653E+00 0.147320408E+00 0.146315797E+00 0.145516552E+00 0.144877780E+00
 0.144362185E+00 0.143938735E+00 0.143581629E+00 0.143269502E+00 0.142984780E+00
 0.120734721E-03 0.227627854E-02 0.711429139E-02 0.145618781E-01 0.194567037E-01
 0.165612665E-01 0.171695069E-01 0.176992693E-01 0.176511527E-01 0.174352368E-01
 0.171472402E-01 0.168247573E-01 0.164908765E-01 0.161663505E-01 0.158733668E-01
 0.156368088E-01 0.154847354E-01 0.154485755E-01 0.155631422E-01 0.158660446E-01
 0.163966927E-01 0.171951925E-01 0.183010602E-01 0.197520567E-01 0.215834154E-01
 0.238274860E-01 0.265134434E-01 0.296667269E-01 0.333089682E-01 0.374584179E-01
 0.421296954E-01 0.473384077E-01 0.531049328E-01 0.594120150E-01 0.661740858E-01
 0.734614557E-01 0.812862216E-01 0.897075578E-01 0.987203839E-01 0.108185740E+00
 0.118188222E+00 0.128157193E+00 0.137678344E+00 0.146108488E+00 0.152760790E+00
 0.157289200E+00 0.159627581E+00 0.160013914E+00 0.159042781E+00 0.157429993E+00
 0.155672021E+00 0.154021735E+00 0.152584197E+00 0.151388417E+00 0.150426522E+00
 0.149673861E+00 0.149099236E+00 0.148670091E+00 0.148355118E+00 0.148125518E+00
 0.147955560E+00 0.147822770E+00 0.147707921E+00 0.147594905E+00 0.147470541E+00
 0.121646797E-03 0.229586174E-02 0.719822206E-02 0.148476993E-01 0.205039034E-01
 0.197923642E-01 0.188781932E-01 0.183491856E-01 0.180051536E-01 0.177088329E-01
 0.174097472E-01 0.170995248E-01 0.167870184E-01 0.164887227E-01 0.162253987E-01
 0.160209204E-01 0.159018695E-01 0.158973055E-01 0.160402387E-01 0.163657554E-01
 0.169089486E-01 0.177051921E-01 0.187889829E-01 0.201929835E-01 0.219477602E-01
 0.240812462E-01 0.266182794E-01 0.295803380E-01 0.329853608E-01 0.368476426E-01
 0.411777193E-01 0.459819453E-01 0.512612692E-01 0.570093938E-01 0.631892238E-01
 0.697503888E-01 0.767170024E-01 0.840628871E-01 0.917336513E-01 0.996419083E-01
 0.107643568E+00 0.115513389E+00 0.123080943E+00 0.129842886E+00 0.135428739E+00
 0.140002328E+00 0.143417717E+00 0.145793746E+00 0.147321402E+00 0.148237470E+00
 0.148767100E+00 0.149084602E+00 0.149307566E+00 0.149506837E+00 0.149719598E+00
 0.149960574E+00 0.150230329E+00 0.150521045E+00 0.150820422E+00 0.151114280E+00
 0.151388280E+00 0.151629030E+00 0.151824771E+00 0.151965768E+00 0.152044474E+00
 0.122417869E-03 0.230858579E-02 0.722205114E-02 0.148674933E-01 0.202473112E-01
 0.192350715E-01 0.185303954E-01 0.183650848E-01 0.181834843E-01 0.179276324E-01
 0.176175998E-01 0.172749802E-01 0.169203013E-01 0.165744251E-01 0.162593775E-01
 0.159988206E-01 0.158183642E-01 0.157383862E-01 0.157979791E-01 0.160380558E-01
 0.164877996E-01 0.171823473E-01 0.181546922E-01 0.194328920E-01 0.210444478E-01
 0.230142020E-01 0.253632916E-01 0.281094549E-01 0.312667773E-01 0.348454788E-01
 0.388516400E-01 0.432869262E-01 0.481482966E-01 0.534262226E-01 0.590961402E-01
 0.651177809E-01 0.713384691E-01 0.778400780E-01 0.845440641E-01 0.913640087E-01
 0.981952136E-01 0.104912971E+00 0.111376967E+00 0.117447440E+00 0.123039179E+00
 0.127904240E+00 0.132007888E+00 0.135433556E+00 0.138225839E+00 0.140611933E+00
 0.142672225E+00 0.144475823E+00 0.146083700E+00 0.147542930E+00 0.148885617E+00
 0.150130674E+00 0.151286657E+00 0.152354703E+00 0.153331152E+00 0.154209720E+00
 0.154983203E+00 0.155644751E+00 0.156188763E+00 0.156611448E+00 0.156911112E+00
 0.124374740E-03 0.234479473E-02 0.732911213E-02 0.150121467E-01 0.204714234E-01
 0.193935911E-01 0.188227225E-01 0.187643517E-01 0.185629284E-01 0.182308832E-01
 0.178202606E-01 0.173657995E-01 0.168926695E-01 0.164224716E-01 0.159762109E-01
 0.155757578E-01 0.152315456E-01 0.149784304E-01 0.148539740E-01 0.148974467E-01
 0.151483831E-01 0.156476037E-01 0.164374092E-01 0.175220495E-01 0.189344579E-01
 0.207002039E-01 0.228348516E-01 0.253529637E-01 0.282651859E-01 0.315783869E-01
 0.352950546E-01 0.394127439E-01 0.439237020E-01 0.488142955E-01 0.540640168E-01
 0.596453769E-01 0.655602787E-01 0.714912874E-01 0.775808347E-01 0.837419639E-01
 0.899222276E-01 0.960459300E-01 0.102029602E+00 0.107790859E+00 0.113254983E+00
 0.118364020E+00 0.123076844E+00 0.127288217E+00 0.131029642E+00 0.134552639E+00
 0.137801057E+00 0.140801841E+00 0.143579789E+00 0.146155730E+00 0.148544559E+00
 0.150754795E+00 0.152789227E+00 0.154646236E+00 0.156321394E+00 0.157809095E+00
 0.159103999E+00 0.160202217E+00 0.161102148E+00 0.161804981E+00 0.162314858E+00
 0.128011008E-03 0.241634399E-02 0.757697687E-02 0.156412424E-01 0.217709808E-01
 0.214338673E-01 0.206144790E-01 0.199083066E-01 0.192726365E-01 0.186458284E-01
 0.180061345E-01 0.173502944E-01 0.166846356E-01 0.160204495E-01 0.153722409E-01
 0.147386305E-01 0.141493544E-01 0.136384449E-01 0.132435868E-01 0.130052039E-01
 0.129653100E-01 0.131662334E-01 0.136487534E-01 0.144491702E-01 0.156039802E-01
 0.171490621E-01 0.190555072E-01 0.213467679E-01 0.240290186E-01 0.271078814E-01
 0.305840591E-01 0.344520129E-01 0.387013809E-01 0.433171274E-01 0.482799471E-01
 0.535673424E-01 0.591579930E-01 0.650184753E-01 0.708534323E-01 0.766781382E-01
 0.825292650E-01 0.883989164E-01 0.942299370E-01 0.999646357E-01 0.105549420E+00
 0.110937521E+00 0.116090765E+00 0.120983621E+00 0.125611182E+00 0.129983342E+00
 0.134234399E+00 0.138296753E+00 0.142132344E+00 0.145742387E+00 0.149125421E+00
 0.152275300E+00 0.155182271E+00 0.157834369E+00 0.160219098E+00 0.162325173E+00
 0.164144119E+00 0.165671550E+00 0.166907991E+00 0.167859194E+00 0.168535936E+00
 0.130835163E-03 0.246995721E-02 0.774601470E-02 0.159762730E-01 0.223300642E-01
 0.221275351E-01 0.213288013E-01 0.205208245E-01 0.197002418E-01 0.188643193E-01
 0.180094590E-01 0.171350118E-01 0.162441524E-01 0.153431565E-01 0.144172069E-01
 0.134891219E-01 0.125876672E-01 0.117470699E-01 0.110063155E-01 0.104082013E-01
 0.999815003E-02 0.982281320E-02 0.992848431E-02 0.103594513E-01 0.111566956E-01
 0.123557539E-01 0.139835872E-01 0.160693205E-01 0.185427440E-01 0.214265574E-01
 0.247247784E-01 0.284224346E-01 0.325059179E-01 0.369575408E-01 0.417561823E-01
 0.468767546E-01 0.522895814E-01 0.579601529E-01 0.638388791E-01 0.698121455E-01
 0.756848353E-01 0.815183940E-01 0.874260675E-01 0.933412146E-01 0.992161128E-01
 0.105014515E+00 0.110707405E+00 0.116272283E+00 0.121692752E+00 0.126956077E+00
 0.132048125E+00 0.137073921E+00 0.141928029E+00 0.146556562E+00 0.150938886E+00
 0.155049762E+00 0.158860364E+00 0.162340790E+00 0.165462751E+00 0.168202343E+00
 0.170542568E+00 0.172475273E+00 0.174002182E+00 0.175134904E+00 0.175893966E+00
 0.132224917E-03 0.249565503E-02 0.782252313E-02 0.161070299E-01 0.225265756E-01
 0.223796115E-01 0.215824976E-01 0.207122003E-01 0.197787845E-01 0.187897010E-01
 0.177502482E-01 0.166656196E-01 0.155429143E-01 0.143543928E-01 0.131156859E-01
 0.118495742E-01 0.105856372E-01 0.935978491E-02 0.821355042E-02 0.719310948E-02
 0.634804796E-02 0.572992921E-02 0.539072028E-02 0.538112323E-02 0.574881107E-02
 0.653642538E-02 0.777930889E-02 0.950316991E-02 0.117187144E-01 0.144361159E-01
 0.176615225E-01 0.212836603E-01 0.253089099E-01 0.297139360E-01 0.344773957E-01
 0.395736296E-01 0.449736142E-01 0.506442180E-01 0.565465417E-01 0.626256483E-01
 0.687927474E-01 0.749941519E-01 0.812212814E-01 0.874820072E-01 0.937758794E-01
 0.100086014E+00 0.106391232E+00 0.112670565E+00 0.118903739E+00 0.125070723E+00
 0.131154659E+00 0.137157379E+00 0.143050312E+00 0.148758191E+00 0.154224578E+00
 0.159395150E+00 0.164211764E+00 0.168614992E+00 0.172548704E+00 0.175965436E+00
 0.178831554E+00 0.181131178E+00 0.182868008E+00 0.184064672E+00 0.184759822E+00
 0.132666308E-03 0.250360454E-02 0.784477806E-02 0.161992616E-01 0.225558799E-01
 0.224155712E-01 0.215826271E-01 0.206409575E-01 0.196000169E-01 0.184671793E-01
 0.172480016E-01 0.159466341E-01 0.145660663E-01 0.130798946E-01 0.115081417E-01
 0.987674496E-02 0.821827099E-02 0.657191234E-02 0.498291935E-02 0.350158844E-02
 0.218193721E-02 0.108020530E-02 0.253308199E-03-0.242668863E-03-0.353916245E-03
-0.303401896E-04 0.772905514E-03 0.209370208E-02 0.396101443E-02 0.639358231E-02
 0.939619615E-02 0.129544017E-01 0.170550468E-01 0.215335814E-01 0.263953037E-01
 0.316097332E-01 0.371510460E-01 0.429915260E-01 0.491041830E-01 0.554673124E-01
 0.620845697E-01 0.690320917E-01 0.754099079E-01 0.820698076E-01 0.888654095E-01
 0.957685942E-01 0.102760643E+00 0.109823092E+00 0.116936539E+00 0.124079159E+00
 0.131225825E+00 0.138362328E+00 0.145455893E+00 0.152417713E+00 0.159168308E+00
 0.165618162E+00 0.171665181E+00 0.177199810E+00 0.182114198E+00 0.186314379E+00
 0.189733042E+00 0.192339559E+00 0.194144276E+00 0.195195790E+00 0.195572257E+00
 0.132579479E-03 0.250176055E-02 0.783760034E-02 0.161244838E-01 0.225106880E-01
 0.223365167E-01 0.214398896E-01 0.204100601E-01 0.192528479E-01 0.179732812E-01
 0.165752589E-01 0.150608004E-01 0.133965509E-01 0.115944434E-01 0.967404866E-02
 0.766286916E-02 0.559635957E-02 0.351747939E-02 0.147574015E-02-0.474174637E-03
-0.227405635E-02-0.386388306E-02-0.518340196E-02-0.617344298E-02-0.677691458E-02
-0.693954021E-02-0.661049841E-02-0.574321802E-02-0.429664172E-02-0.223728727E-02
 0.457435718E-03 0.379491622E-02 0.776332010E-02 0.123244474E-01 0.174414909E-01
 0.229068151E-01 0.287266242E-01 0.348701991E-01 0.413143986E-01 0.480410374E-01
 0.550360450E-01 0.623181398E-01 0.697347667E-01 0.767815477E-01 0.841549418E-01
 0.917238586E-01 0.994723124E-01 0.107389158E+00 0.115462262E+00 0.123676113E+00
 0.132007581E+00 0.140450207E+00 0.148983711E+00 0.157491195E+00 0.165877202E+00
 0.174011746E+00 0.181726899E+00 0.188822562E+00 0.195083803E+00 0.200311106E+00
 0.204357499E+00 0.207159982E+00 0.208752393E+00 0.209254334E+00 0.208841514E+00
 0.132202085E-03 0.249451337E-02 0.781401731E-02 0.160900096E-01 0.224235285E-01
 0.221841383E-01 0.212114203E-01 0.200822563E-01 0.188003831E-01 0.173699951E-01
 0.157959349E-01 0.140334806E-01 0.120871951E-01 0.996970713E-02 0.770244474E-02
 0.531599231E-02 0.284990258E-02 0.351868870E-03-0.212371487E-02-0.451765255E-02
-0.676805250E-02-0.881235009E-02-0.105889801E-01-0.120385149E-01-0.131042068E-01
-0.137320010E-01-0.138702133E-01-0.134691718E-01-0.124812157E-01-0.108615194E-01
-0.857024926E-02-0.557645252E-02-0.186380399E-02 0.256214093E-02 0.766760897E-02
 0.133819809E-01 0.196321782E-01 0.261946619E-01 0.330608081E-01 0.402232478E-01
 0.476721467E-01 0.553998459E-01 0.634485360E-01 0.713868012E-01 0.793533446E-01
 0.876342537E-01 0.961850231E-01 0.105003374E+00 0.114093191E+00 0.123459561E+00
 0.133108272E+00 0.143046772E+00 0.153259507E+00 0.163685688E+00 0.174228122E+00
 0.184729616E+00 0.194941321E+00 0.204501909E+00 0.212950412E+00 0.219800758E+00
 0.224671392E+00 0.227408751E+00 0.228136409E+00 0.227203675E+00 0.225061882E+00
 0.131674434E-03 0.248448221E-02 0.778209623E-02 0.160250215E-01 0.223045675E-01
 0.219999063E-01 0.209388843E-01 0.196998909E-01 0.182834111E-01 0.166899019E-01
 0.149194900E-01 0.129222389E-01 0.107058588E-01 0.828625652E-02 0.568879570E-02
 0.294881497E-02 0.111274312E-03-0.277049042E-02-0.563677588E-02-0.842400914E-02
-0.110673636E-01-0.135031027E-01-0.156703247E-01-0.175119097E-01-0.189746201E-01
-0.200084513E-01-0.205654443E-01-0.205982580E-01-0.200588698E-01-0.188978505E-01
-0.170647456E-01-0.145101811E-01-0.111903318E-01-0.707418477E-02-0.215329496E-02
 0.354768628E-02 0.996541813E-02 0.169986408E-01 0.243313581E-01 0.319819504E-01
 0.399306595E-01 0.481652407E-01 0.566721417E-01 0.654339270E-01 0.741978819E-01
 0.832131511E-01 0.925642725E-01 0.102269861E+00 0.112359731E+00 0.122868574E+00
 0.133829194E+00 0.145305760E+00 0.157425586E+00 0.170115398E+00 0.183411394E+00
 0.197260726E+00 0.211458077E+00 0.225494067E+00 0.238351905E+00 0.248557515E+00
 0.254834920E+00 0.256713577E+00 0.254688604E+00 0.250052854E+00 0.244192098E+00
 0.131078218E-03 0.247318848E-02 0.774639282E-02 0.159308307E-01 0.221643307E-01
 0.218000098E-01 0.206484680E-01 0.192982616E-01 0.177473402E-01 0.159921905E-01
 0.140260512E-01 0.118013514E-01 0.932833409E-02 0.662628993E-02 0.372504494E-02
 0.665357658E-03-0.250183642E-02-0.571727146E-02-0.891604942E-02-0.120307872E-01
-0.149947233E-01-0.177443153E-01-0.202209761E-01-0.223717745E-01-0.241491031E-01
-0.255094614E-01-0.264115936E-01-0.268142671E-01-0.266740056E-01-0.259431310E-01
-0.245685532E-01-0.224918909E-01-0.196517134E-01-0.159888799E-01-0.114559493E-01
-0.603106060E-02 0.264996132E-03 0.735261126E-02 0.150870603E-01 0.233205132E-01
 0.318234423E-01 0.406003006E-01 0.496566180E-01 0.589950638E-01 0.685698127E-01
 0.782694763E-01 0.883236805E-01 0.988021068E-01 0.109757978E+00 0.121261018E+00
 0.133399576E+00 0.146280594E+00 0.160046805E+00 0.174895947E+00 0.191075882E+00
 0.208904308E+00 0.228782119E+00 0.251174410E+00 0.276309974E+00 0.295953026E+00
 0.306115273E+00 0.304648851E+00 0.291679571E+00 0.276383565E+00 0.263406444E+00
 0.130465992E-03 0.246161159E-02 0.770984504E-02 0.159070710E-01 0.220310274E-01
 0.215937545E-01 0.203590708E-01 0.189049759E-01 0.172321878E-01 0.153400374E-01
 0.131728787E-01 0.107286355E-01 0.801649053E-02 0.505773146E-02 0.188626162E-02
-0.145177806E-02-0.489953922E-02-0.839211931E-02-0.118600315E-01-0.152329840E-01
-0.184433903E-01-0.214290982E-01-0.241350073E-01-0.265134596E-01-0.285234856E-01
-0.301291216E-01-0.312970670E-01-0.319939609E-01-0.321835314E-01-0.318238703E-01
-0.308651291E-01-0.292480529E-01-0.269040030E-01-0.237574433E-01-0.197322302E-01
-0.147631733E-01-0.881367187E-02-0.189779205E-02 0.590015099E-02 0.144233176E-01
 0.234685597E-01 0.327675100E-01 0.423308146E-01 0.521760616E-01 0.623054052E-01
 0.726528622E-01 0.832541556E-01 0.942959733E-01 0.105855235E+00 0.118014210E+00
 0.130884719E+00 0.144592727E+00 0.159321695E+00 0.175397486E+00 0.193234945E+00
 0.213458178E+00 0.237055368E+00 0.265633418E+00 0.301538277E+00 0.329342504E+00
 0.344255272E+00 0.339491125E+00 0.315549087E+00 0.291320441E+00 0.273309373E+00
 0.129878241E-03 0.245051272E-02 0.767495454E-02 0.157850083E-01 0.219213903E-01
 0.214076699E-01 0.200852687E-01 0.185291360E-01 0.167357137E-01 0.147010166E-01
 0.123648345E-01 0.972952100E-02 0.680822361E-02 0.362677015E-02 0.224403080E-03
-0.334686099E-02-0.702431768E-02-0.107379139E-01-0.144143750E-01-0.179814773E-01
-0.213718049E-01-0.245254663E-01-0.273914861E-01-0.299278422E-01-0.321003179E-01
-0.338804480E-01-0.352428610E-01-0.361622819E-01-0.366104023E-01-0.365527843E-01
-0.359459608E-01-0.347349768E-01-0.328517949E-01-0.302153138E-01-0.267342223E-01
-0.223144596E-01-0.168733679E-01-0.103619277E-01-0.279341794E-02 0.572987485E-02
 0.150097277E-01 0.247909134E-01 0.347797959E-01 0.450092179E-01 0.555014262E-01
 0.662426885E-01 0.772555456E-01 0.886492461E-01 0.100502676E+00 0.112894078E+00
 0.125920890E+00 0.139685948E+00 0.154335892E+00 0.170126068E+00 0.187354748E+00
 0.206427913E+00 0.227918827E+00 0.252687755E+00 0.282513020E+00 0.305483944E+00
 0.320891601E+00 0.317280079E+00 0.298525517E+00 0.280430436E+00 0.266254339E+00
 0.129338284E-03 0.244031256E-02 0.764285590E-02 0.157284330E-01 0.218249661E-01
 0.212318668E-01 0.198341650E-01 0.181866695E-01 0.162841201E-01 0.141207005E-01
 0.116363538E-01 0.883575667E-02 0.573564372E-02 0.236644541E-02-0.122726116E-02
-0.498784246E-02-0.884728928E-02-0.127311917E-01-0.165634131E-01-0.202707132E-01
-0.237866065E-01-0.270539516E-01-0.300260531E-01-0.326663397E-01-0.349468688E-01
-0.368459928E-01-0.383455088E-01-0.394275454E-01-0.400713550E-01-0.402501129E-01
-0.399277911E-01-0.390562143E-01-0.375725240E-01-0.353975358E-01-0.324359050E-01
-0.285796586E-01-0.237174006E-01-0.177519292E-01-0.106279683E-01-0.236714062E-02
 0.690295270E-02 0.169535439E-01 0.272275552E-01 0.377202404E-01 0.484361067E-01
 0.593882405E-01 0.706015181E-01 0.821132850E-01 0.939691249E-01 0.106219748E+00
 0.118918339E+00 0.132112962E+00 0.145865086E+00 0.160258293E+00 0.175349333E+00
 0.191133738E+00 0.207464881E+00 0.223863589E+00 0.239174636E+00 0.251481422E+00
 0.259112497E+00 0.261482052E+00 0.259221037E+00 0.254071370E+00 0.247814384E+00
 0.128865676E-03 0.243140198E-02 0.761487438E-02 0.156838992E-01 0.217260162E-01
 0.210806766E-01 0.196188664E-01 0.178942639E-01 0.158995422E-01 0.136238627E-01
 0.110113125E-01 0.806989790E-02 0.481998539E-02 0.129627186E-02-0.245189328E-02
-0.636200847E-02-0.103616533E-01-0.143730203E-01-0.183180228E-01-0.221231458E-01
-0.257233027E-01-0.290642321E-01-0.321032966E-01-0.348088299E-01-0.371583564E-01
-0.391360567E-01-0.407298134E-01-0.419280790E-01-0.427167045E-01-0.430757860E-01
-0.429765371E-01-0.423782005E-01-0.412250916E-01-0.394440462E-01-0.369428971E-01
-0.336111837E-01-0.293251548E-01-0.239601178E-01-0.174136617E-01-0.964157864E-02
-0.701586758E-03 0.921381193E-02 0.197900589E-01 0.305270451E-01 0.414235285E-01
 0.524872140E-01 0.637309999E-01 0.751711790E-01 0.868257644E-01 0.987129878E-01
 0.110854241E+00 0.123233010E+00 0.135763724E+00 0.148521407E+00 0.161404476E+00
 0.174257339E+00 0.186817851E+00 0.198682523E+00 0.209309249E+00 0.218104124E+00
 0.224592254E+00 0.228584019E+00 0.230240345E+00 0.230002820E+00 0.228425028E+00
 0.128470820E-03 0.242398533E-02 0.759167098E-02 0.156093961E-01 0.216380832E-01
 0.209588547E-01 0.194469031E-01 0.176665232E-01 0.156148430E-01 0.132292365E-01
 0.105030387E-01 0.744292211E-02 0.407047642E-02 0.423175134E-03-0.344602384E-02
-0.747082269E-02-0.115754185E-01-0.156795439E-01-0.197039223E-01-0.235752579E-01
-0.272300332E-01-0.306166971E-01-0.336961828E-01-0.364409772E-01-0.388331193E-01
-0.408615305E-01-0.425190147E-01-0.437991582E-01-0.446932478E-01-0.451872331E-01
-0.452587045E-01-0.448738465E-01-0.439843669E-01-0.425245336E-01-0.404087101E-01
-0.375302548E-01-0.337634231E-01-0.289710176E-01-0.230216793E-01-0.158208231E-01
-0.735573493E-02 0.225544669E-02 0.127401160E-01 0.237187033E-01 0.347559007E-01
 0.458691747E-01 0.570669197E-01 0.683527647E-01 0.797260262E-01 0.911796976E-01
 0.102694619E+00 0.114230129E+00 0.125736625E+00 0.137159534E+00 0.148405496E+00
 0.159334141E+00 0.169758030E+00 0.179447838E+00 0.188151602E+00 0.195631273E+00
 0.201709601E+00 0.206310608E+00 0.209476117E+00 0.211350979E+00 0.212144529E+00
 0.128155358E-03 0.241804370E-02 0.757300748E-02 0.156136381E-01 0.215663872E-01
 0.208560735E-01 0.193052850E-01 0.174762497E-01 0.153658147E-01 0.129073617E-01
 0.100986729E-01 0.694953443E-02 0.348448566E-02-0.255850219E-03-0.421522772E-02
-0.832421047E-02-0.125043756E-01-0.166736904E-01-0.207521846E-01-0.246669982E-01
-0.283560854E-01-0.317702068E-01-0.348732112E-01-0.376408871E-01-0.400587998E-01
-0.421195352E-01-0.438196888E-01-0.451568175E-01-0.461264592E-01-0.467192251E-01
-0.469179174E-01-0.466945946E-01-0.460075371E-01-0.447981461E-01-0.429880073E-01
-0.404767146E-01-0.371416988E-01-0.328423214E-01-0.274318274E-01-0.207817743E-01
-0.128223621E-01-0.359486377E-02 0.670486927E-02 0.177367038E-01 0.288221731E-01
 0.399322484E-01 0.510515646E-01 0.621681507E-01 0.732682643E-01 0.843335204E-01
 0.953401689E-01 0.106224415E+00 0.116903875E+00 0.127369189E+00 0.137532727E+00
 0.147289901E+00 0.156520681E+00 0.165095022E+00 0.172883693E+00 0.179773071E+00
 0.185680927E+00 0.190568925E+00 0.194447932E+00 0.197374493E+00 0.199439894E+00
 0.127924151E-03 0.241368860E-02 0.755937678E-02 0.155488618E-01 0.215225331E-01
 0.207857245E-01 0.192011225E-01 0.173338755E-01 0.151788400E-01 0.126686122E-01
 0.980192160E-02 0.659020563E-02 0.306011073E-02-0.745337084E-03-0.476739793E-02
-0.893431148E-02-0.131657792E-01-0.173785731E-01-0.214923419E-01-0.254346743E-01
-0.291447118E-01-0.325749831E-01-0.356915081E-01-0.384724934E-01-0.409060614E-01
-0.429874429E-01-0.447159709E-01-0.460920860E-01-0.471144442E-01-0.477771254E-01
-0.480668785E-01-0.479603104E-01-0.474209393E-01-0.463960905E-01-0.448137645E-01
-0.425798984E-01-0.395769820E-01-0.356659098E-01-0.306942931E-01-0.245159576E-01
-0.170266857E-01-0.821724476E-02 0.176840947E-02 0.126049068E-01 0.238396852E-01
 0.349882769E-01 0.460557767E-01 0.570367014E-01 0.679174950E-01 0.786769992E-01
 0.892844738E-01 0.996827404E-01 0.109813500E+00 0.119648699E+00 0.129129499E+00
 0.138183989E+00 0.146734674E+00 0.154703007E+00 0.162015124E+00 0.168608389E+00
 0.174437692E+00 0.179480217E+00 0.183737613E+00 0.187235083E+00 0.190017734E+00
 0.127778268E-03 0.241093707E-02 0.755072966E-02 0.155343017E-01 0.214899889E-01
 0.207387965E-01 0.191344890E-01 0.172436088E-01 0.150607371E-01 0.125184702E-01
 0.961608881E-02 0.636596540E-02 0.279600871E-02-0.104927109E-02-0.510957936E-02
-0.931171295E-02-0.135742251E-01-0.178131794E-01-0.219480351E-01-0.259067123E-01
-0.296291411E-01-0.330689944E-01-0.361936803E-01-0.389829436E-01-0.414265321E-01
-0.435213645E-01-0.452685343E-01-0.466703569E-01-0.477275421E-01-0.484364872E-01
-0.487866161E-01-0.487576674E-01-0.483168304E-01-0.474156812E-01-0.459869851E-01
-0.439416794E-01-0.411668168E-01-0.375260651E-01-0.328656455E-01-0.270302027E-01
-0.198941174E-01-0.114114355E-01-0.167695343E-02 0.903154052E-02 0.202849783E-01
 0.314180775E-01 0.424256256E-01 0.532971130E-01 0.640161329E-01 0.745598127E-01
 0.848963111E-01 0.949736722E-01 0.104743172E+00 0.114180945E+00 0.123244848E+00
 0.131883651E+00 0.140044053E+00 0.147674015E+00 0.154726035E+00 0.161160487E+00
 0.166948646E+00 0.172074934E+00 0.176538028E+00 0.180350676E+00 0.183538293E+00
 0.127721381E-03 0.240986226E-02 0.754733032E-02 0.155518414E-01 0.214616593E-01
 0.207190248E-01 0.191080232E-01 0.172082346E-01 0.150145098E-01 0.124596085E-01
 0.954303787E-02 0.627751363E-02 0.269141653E-02-0.117017398E-02-0.524635613E-02
-0.946335658E-02-0.137392710E-01-0.179898793E-01-0.221345656E-01-0.261013870E-01
-0.298306016E-01-0.332763627E-01-0.364066706E-01-0.392019401E-01-0.416526453E-01
-0.437564827E-01-0.455153850E-01-0.469325913E-01-0.480098557E-01-0.487447845E-01
-0.491282280E-01-0.491416236E-01-0.487541849E-01-0.479198714E-01-0.465741775E-01
-0.446310001E-01-0.419802660E-01-0.384877646E-01-0.339998504E-01-0.283573247E-01
-0.214241005E-01-0.131348103E-01-0.355650277E-02 0.706153414E-02 0.183025142E-01
 0.294063267E-01 0.403632918E-01 0.511598347E-01 0.617776676E-01 0.721936729E-01
 0.823838849E-01 0.922876129E-01 0.101818797E+00 0.111021604E+00 0.119847330E+00
 0.128254033E+00 0.136200580E+00 0.143647554E+00 0.150559406E+00 0.156906627E+00
 0.162667611E+00 0.167830014E+00 0.172391481E+00 0.176359672E+00 0.179751610E+00
 0.127756670E-03 0.241052939E-02 0.754945251E-02 0.155218906E-01 0.214631490E-01
 0.207321434E-01 0.191244862E-01 0.172295372E-01 0.150417612E-01 0.124935296E-01
 0.958405358E-02 0.632576030E-02 0.274671171E-02-0.110835500E-02-0.517887471E-02
-0.939136761E-02-0.136641452E-01-0.179131027E-01-0.220576328E-01-0.260257057E-01
-0.297574217E-01-0.332067351E-01-0.363414374E-01-0.391417496E-01-0.415979863E-01
-0.437077311E-01-0.454728571E-01-0.468966017E-01-0.479807777E-01-0.487231141E-01
-0.491146537E-01-0.491371037E-01-0.487600357E-01-0.479378665E-01-0.466066567E-01
-0.446809772E-01-0.420515107E-01-0.385848045E-01-0.341277997E-01-0.285213910E-01
-0.216285991E-01-0.133816156E-01-0.384326662E-02 0.674229427E-02 0.179616405E-01
 0.290396445E-01 0.399664270E-01 0.507287102E-01 0.613089553E-01 0.716831842E-01
 0.818121257E-01 0.916280359E-01 0.101083036E+00 0.110177567E+00 0.118895053E+00
 0.127200952E+00 0.135057061E+00 0.142426699E+00 0.149277110E+00 0.155581244E+00
 0.161319230E+00 0.166479455E+00 0.171059155E+00 0.175064469E+00 0.178509960E+00
 0.127883079E-03 0.241290225E-02 0.755682520E-02 0.155712842E-01 0.214943365E-01
 0.207688523E-01 0.191805061E-01 0.173069005E-01 0.151428855E-01 0.126210882E-01
 0.974031761E-02 0.651221604E-02 0.296377442E-02-0.861519625E-03-0.490439196E-02
-0.909253895E-02-0.133451845E-01-0.175787621E-01-0.217127781E-01-0.256749083E-01
-0.294046183E-01-0.328549866E-01-0.359927899E-01-0.387971826E-01-0.412574219E-01
-0.433700731E-01-0.451360372E-01-0.465576093E-01-0.476356617E-01-0.483669466E-01
-0.487414523E-01-0.487397136E-01-0.483299805E-01-0.474651875E-01-0.460797842E-01
-0.440867150E-01-0.413752819E-01-0.378114055E-01-0.332430356E-01-0.275150504E-01
-0.204990839E-01-0.121417795E-01-0.252522927E-02 0.808803783E-02 0.192781779E-01
 0.303346284E-01 0.412502862E-01 0.520144526E-01 0.626131019E-01 0.730317528E-01
 0.832742326E-01 0.931943556E-01 0.102533366E+00 0.111614711E+00 0.120346157E+00
 0.128673840E+00 0.136551882E+00 0.143938380E+00 0.150796283E+00 0.157095081E+00
 0.162812451E+00 0.167935503E+00 0.172461449E+00 0.176397585E+00 0.179760625E+00
 0.128104604E-03 0.241708035E-02 0.756996757E-02 0.155739143E-01 0.215573403E-01
 0.208416913E-01 0.192811495E-01 0.174419368E-01 0.153184252E-01 0.128428106E-01
 0.100129071E-01 0.683889337E-02 0.334586270E-02-0.424894054E-03-0.441638532E-02
-0.855841517E-02-0.127718809E-01-0.169742519E-01-0.210853297E-01-0.250323528E-01
-0.287537224E-01-0.322009867E-01-0.353391014E-01-0.381452605E-01-0.406067277E-01
-0.427180989E-01-0.444783364E-01-0.458877982E-01-0.469453621E-01-0.476456521E-01
-0.479763089E-01-0.479152168E-01-0.474276054E-01-0.464630003E-01-0.449521317E-01
-0.428041842E-01-0.399052737E-01-0.361198992E-01-0.312983954E-01-0.252948875E-01
-0.180007494E-01-0.939515558E-02 0.397721592E-03 0.110777707E-01 0.222175955E-01
 0.332461552E-01 0.441608622E-01 0.549537009E-01 0.656107543E-01 0.761104879E-01
 0.864122564E-01 0.964047281E-01 0.106008955E+00 0.115273805E+00 0.124179680E+00
 0.132676559E+00 0.140709519E+00 0.148224750E+00 0.155173234E+00 0.161514101E+00
 0.167217600E+00 0.172267291E+00 0.176661118E+00 0.180411193E+00 0.183542368E+00
 0.128416203E-03 0.242295442E-02 0.758840186E-02 0.156086595E-01 0.216242495E-01
 0.209408893E-01 0.194216450E-01 0.176317055E-01 0.155660857E-01 0.131573133E-01
 0.104018036E-01 0.730756580E-02 0.389695017E-02 0.208106443E-03-0.370525396E-02
-0.777601340E-02-0.119275833E-01-0.160790800E-01-0.201509087E-01-0.240698493E-01
-0.277729031E-01-0.312094910E-01-0.343419573E-01-0.371446191E-01-0.396017598E-01
-0.417049796E-01-0.434502503E-01-0.448349066E-01-0.458546890E-01-0.465008615E-01
-0.467573606E-01-0.465979071E-01-0.459830295E-01-0.448570224E-01-0.431450411E-01
-0.407508727E-01-0.375565201E-01-0.334256996E-01-0.282146463E-01-0.217947692E-01
-0.140910439E-01-0.513416915E-02 0.489051698E-02 0.156363967E-01 0.266810688E-01
 0.376581757E-01 0.485720918E-01 0.594181328E-01 0.701840543E-01 0.808496851E-01
 0.913786570E-01 0.101644336E+00 0.111545867E+00 0.121150675E+00 0.130418875E+00
 0.139278890E+00 0.147652150E+00 0.155458852E+00 0.162623880E+00 0.169083417E+00
 0.174791264E+00 0.179723612E+00 0.183881205E+00 0.187288428E+00 0.189989638E+00
 0.128813984E-03 0.243043720E-02 0.761179226E-02 0.156933681E-01 0.217012567E-01
 0.210606023E-01 0.195977189E-01 0.178709429E-01 0.158791742E-01 0.135598478E-01
 0.109049432E-01 0.791901557E-02 0.462089012E-02 0.104482118E-02-0.275961492E-02
-0.672930423E-02-0.107910672E-01-0.148664105E-01-0.188768303E-01-0.227488129E-01
-0.264177878E-01-0.298305672E-01-0.329461510E-01-0.357350646E-01-0.381775750E-01
-0.402611779E-01-0.419776978E-01-0.433202473E-01-0.442801809E-01-0.448440865E-01
-0.449907981E-01-0.446883933E-01-0.438911738E-01-0.425367387E-01-0.405434955E-01
-0.378093795E-01-0.342132629E-01-0.296215581E-01-0.239036553E-01-0.169601665E-01
-0.876526419E-02 0.584744579E-03 0.108415679E-01 0.216352133E-01 0.324767571E-01
 0.433535062E-01 0.542569644E-01 0.651784245E-01 0.761063538E-01 0.870258671E-01
 0.979251926E-01 0.108648800E+00 0.119003648E+00 0.129181196E+00 0.139083281E+00
 0.148600363E+00 0.157610776E+00 0.165983300E+00 0.173587549E+00 0.180308742E+00
 0.186063509E+00 0.190812424E+00 0.194565331E+00 0.197377821E+00 0.199340298E+00
 0.129299921E-03 0.243958242E-02 0.764050087E-02 0.157098825E-01 0.218085953E-01
 0.212176189E-01 0.198114321E-01 0.181522133E-01 0.162323528E-01 0.140405326E-01
 0.115191531E-01 0.867366871E-02 0.552107015E-02 0.209205000E-02-0.156834323E-02
-0.540177714E-02-0.933941553E-02-0.133060627E-01-0.172250331E-01-0.210229553E-01
-0.246337707E-01-0.280014084E-01-0.310809277E-01-0.338382069E-01-0.362484531E-01
-0.382938871E-01-0.399609351E-01-0.412371861E-01-0.421082727E-01-0.425547519E-01
-0.425490082E-01-0.420521999E-01-0.410113302E-01-0.393566901E-01-0.370002309E-01
-0.338359541E-01-0.297441877E-01-0.246025504E-01-0.183069241E-01-0.108043954E-01
-0.213422275E-02 0.754000397E-02 0.179410950E-01 0.284853815E-01 0.391566081E-01
 0.499474717E-01 0.608555012E-01 0.718799107E-01 0.830182565E-01 0.942604608E-01
 0.105571064E+00 0.116860506E+00 0.128060345E+00 0.139165366E+00 0.150109961E+00
 0.160759400E+00 0.170926417E+00 0.180380747E+00 0.188869200E+00 0.196152425E+00
 0.202051873E+00 0.206490326E+00 0.209508453E+00 0.211250045E+00 0.211923458E+00
 0.129867347E-03 0.245027599E-02 0.767400265E-02 0.158056781E-01 0.219329075E-01
 0.213959188E-01 0.200668801E-01 0.184994375E-01 0.166881851E-01 0.146275089E-01
 0.122563083E-01 0.957631076E-02 0.660020170E-02 0.335358183E-02-0.124230766E-03
-0.378083571E-02-0.755291427E-02-0.113697221E-01-0.151574194E-01-0.188435578E-01
-0.223610286E-01-0.256509237E-01-0.286640191E-01-0.313608600E-01-0.337106354E-01
-0.356891371E-01-0.372761178E-01-0.384523086E-01-0.391962886E-01-0.394813232E-01
-0.392722604E-01-0.385225935E-01-0.371719086E-01-0.351441626E-01-0.323476434E-01
-0.286780579E-01-0.240269332E-01-0.182980251E-01-0.114337440E-01-0.344990528E-02
 0.553158508E-02 0.152753525E-01 0.254820121E-01 0.358347845E-01 0.463545126E-01
 0.570568366E-01 0.679583841E-01 0.790788186E-01 0.904401999E-01 0.102067526E+00
 0.114011848E+00 0.126180559E+00 0.138221974E+00 0.150600339E+00 0.163141489E+00
 0.175681326E+00 0.187955248E+00 0.199558053E+00 0.209945932E+00 0.218523239E+00
 0.224813406E+00 0.228625310E+00 0.230118592E+00 0.229733756E+00 0.228023415E+00
 0.130511908E-03 0.246244326E-02 0.771221930E-02 0.158713864E-01 0.220680569E-01
 0.216025157E-01 0.203610374E-01 0.188987666E-01 0.172120783E-01 0.152982973E-01
 0.131001112E-01 0.106139901E-01 0.784779327E-02 0.482172633E-02 0.156896022E-02
-0.186469734E-02-0.542236553E-02-0.903886341E-02-0.126443709E-01-0.161684401E-01
-0.195437403E-01-0.227089931E-01-0.256107443E-01-0.282038533E-01-0.304507864E-01
-0.323199391E-01-0.337832607E-01-0.348134467E-01-0.353809204E-01-0.354507861E-01
-0.349799334E-01-0.339145351E-01-0.321883420E-01-0.297224740E-01-0.264278425E-01
-0.222118655E-01-0.169914713E-01-0.107138534E-01-0.338379237E-02 0.490972085E-02
 0.139838809E-01 0.235950439E-01 0.334344266E-01 0.435020825E-01 0.538009872E-01
 0.643396820E-01 0.751446077E-01 0.862634643E-01 0.977532020E-01 0.109669863E+00
 0.122055850E+00 0.134905974E+00 0.148257887E+00 0.162253651E+00 0.176975442E+00
 0.192422128E+00 0.208445994E+00 0.224565856E+00 0.239624043E+00 0.251701172E+00
 0.259123206E+00 0.261302377E+00 0.258868365E+00 0.253562459E+00 0.247165472E+00
 0.131219006E-03 0.247579713E-02 0.775422821E-02 0.159484608E-01 0.221994026E-01
 0.218308012E-01 0.206842561E-01 0.193348577E-01 0.177787491E-01 0.160105341E-01
 0.140216432E-01 0.117627119E-01 0.924164822E-02 0.647552301E-02 0.349231408E-02
 0.331400492E-03-0.295718561E-02-0.631467793E-02-0.967642355E-02-0.129752421E-01
-0.161447776E-01-0.191223384E-01-0.218508393E-01-0.242796466E-01-0.263643160E-01
-0.280653598E-01-0.293462722E-01-0.301710666E-01-0.305015853E-01-0.302948420E-01
-0.295006998E-01-0.280602940E-01-0.259058171E-01-0.229625829E-01-0.191546264E-01
-0.144152544E-01-0.870341447E-02-0.202461789E-02 0.554966509E-02 0.138776947E-01
 0.227683818E-01 0.319425545E-01 0.414108992E-01 0.511858061E-01 0.612652573E-01
 0.715438714E-01 0.820098590E-01 0.928825716E-01 0.104272536E+00 0.116259292E+00
 0.128937613E+00 0.142327354E+00 0.156509914E+00 0.171867115E+00 0.188705307E+00
 0.207426461E+00 0.228600851E+00 0.253086341E+00 0.282659610E+00 0.305401782E+00
 0.320601492E+00 0.316795224E+00 0.297859261E+00 0.279602310E+00 0.265283947E+00
 0.131963781E-03 0.248986748E-02 0.779845379E-02 0.160898503E-01 0.223422905E-01
 0.220680128E-01 0.210278090E-01 0.198036326E-01 0.183953721E-01 0.168015060E-01
 0.150208347E-01 0.130042387E-01 0.107536770E-01 0.828109459E-02 0.560877594E-02
 0.276954960E-02-0.193651883E-03-0.322907281E-02-0.627821133E-02-0.927844944E-02
-0.121658588E-01-0.148777631E-01-0.173546904E-01-0.195414730E-01-0.213874098E-01
-0.228455496E-01-0.238712693E-01-0.244203884E-01-0.244471171E-01-0.239021828E-01
-0.227315682E-01-0.208764277E-01-0.182749274E-01-0.148669318E-01-0.106024700E-01
-0.545445123E-02 0.565349276E-03 0.739052465E-02 0.148925013E-01 0.229390873E-01
 0.313047150E-01 0.400034146E-01 0.490526375E-01 0.584676518E-01 0.682043010E-01
 0.780088622E-01 0.879007962E-01 0.983098470E-01 0.109326426E+00 0.121021513E+00
 0.133502406E+00 0.146807321E+00 0.161043840E+00 0.176676115E+00 0.194119926E+00
 0.213992241E+00 0.237276866E+00 0.265577859E+00 0.301239366E+00 0.328823752E+00
 0.343535558E+00 0.338583913E+00 0.314466208E+00 0.290081346E+00 0.271935113E+00
 0.132720117E-03 0.250417741E-02 0.784355798E-02 0.161311719E-01 0.225050628E-01
 0.223185634E-01 0.213827353E-01 0.202871870E-01 0.190314938E-01 0.176147627E-01
 0.160350245E-01 0.142878780E-01 0.123334216E-01 0.101836862E-01 0.785794367E-02
 0.538395723E-02 0.279830517E-02 0.145857568E-03-0.252150182E-02-0.514672827E-02
-0.766977070E-02-0.100297042E-01-0.121665283E-01-0.140223936E-01-0.155421335E-01
-0.166731110E-01-0.173645051E-01-0.175662662E-01-0.172280553E-01-0.162985712E-01
-0.147257773E-01-0.124586448E-01-0.945101681E-02-0.566799426E-02-0.109462941E-02
 0.425453874E-02 0.103300723E-01 0.170476930E-01 0.241083405E-01 0.315400587E-01
 0.393350494E-01 0.474982287E-01 0.560401058E-01 0.649520229E-01 0.740652664E-01
 0.830011162E-01 0.923369437E-01 0.102179410E+00 0.112570181E+00 0.123572268E+00
 0.135262832E+00 0.147710315E+00 0.161037592E+00 0.175478000E+00 0.191289938E+00
 0.208788928E+00 0.228372895E+00 0.250504385E+00 0.275409831E+00 0.294847096E+00
 0.304823793E+00 0.303189007E+00 0.290066741E+00 0.274635921E+00 0.261542807E+00
 0.133448444E-03 0.251797176E-02 0.788709628E-02 0.162415054E-01 0.226727422E-01
 0.225600504E-01 0.217315276E-01 0.207666997E-01 0.196673536E-01 0.184355642E-01
 0.170736983E-01 0.155851109E-01 0.139305864E-01 0.121174857E-01 0.101607151E-01
 0.808303571E-02 0.591514753E-02 0.369540635E-02 0.146904397E-02-0.713070515E-03
-0.279598560E-02-0.472233247E-02-0.643387681E-02-0.787276655E-02-0.898237153E-02
-0.970771207E-02-0.999557866E-02-0.979454220E-02-0.905513415E-02-0.773054112E-02
-0.577824494E-02-0.316331188E-02 0.136518887E-03 0.412446469E-02 0.877888491E-02
 0.140454800E-01 0.198673323E-01 0.260400646E-01 0.325614283E-01 0.394323060E-01
 0.466536342E-01 0.542317500E-01 0.621871232E-01 0.705546155E-01 0.785841798E-01
 0.868660996E-01 0.955605388E-01 0.104662201E+00 0.114195331E+00 0.124188976E+00
 0.134662979E+00 0.145688835E+00 0.157451753E+00 0.169791843E+00 0.182765375E+00
 0.196322584E+00 0.210258177E+00 0.224061456E+00 0.236713539E+00 0.246737815E+00
 0.252855805E+00 0.254594867E+00 0.252448551E+00 0.247708607E+00 0.241759844E+00
 0.134096997E-03 0.253028328E-02 0.792614324E-02 0.163211260E-01 0.228165316E-01
 0.227816852E-01 0.220555601E-01 0.212165030E-01 0.202686052E-01 0.192159804E-01
 0.180624398E-01 0.168114141E-01 0.154655194E-01 0.139972649E-01 0.124204316E-01
 0.107550791E-01 0.902755811E-02 0.727078527E-02 0.552390972E-02 0.383155657E-02
 0.224276209E-02 0.809718108E-03-0.413539845E-03-0.137232330E-02-0.201235936E-02
-0.228076466E-02-0.212702552E-02-0.150414854E-02-0.370132424E-03 0.131032877E-02
 0.356484736E-02 0.640972904E-02 0.984503752E-02 0.138487868E-01 0.183987630E-01
 0.233201608E-01 0.286224236E-01 0.342815738E-01 0.402811168E-01 0.466088657E-01
 0.532543687E-01 0.602071003E-01 0.674777677E-01 0.747983297E-01 0.822236476E-01
 0.899223126E-01 0.978942748E-01 0.106156579E+00 0.114721560E+00 0.123597930E+00
 0.132795149E+00 0.142330181E+00 0.152190410E+00 0.162303401E+00 0.172565385E+00
 0.182817047E+00 0.192808115E+00 0.202175631E+00 0.210456725E+00 0.217163262E+00
 0.221911615E+00 0.224546258E+00 0.225188990E+00 0.224187530E+00 0.221991765E+00
 0.134587081E-03 0.253965147E-02 0.795631934E-02 0.163689922E-01 0.229259266E-01
 0.229673621E-01 0.223312714E-01 0.216072455E-01 0.208016698E-01 0.199204273E-01
 0.189689435E-01 0.179523529E-01 0.168758168E-01 0.157451135E-01 0.145419632E-01
 0.132862690E-01 0.119999776E-01 0.107113338E-01 0.945406627E-02 0.826673562E-02
 0.719198364E-02 0.627556273E-02 0.556496602E-02 0.510860534E-02 0.495469767E-02
 0.514995633E-02 0.573798755E-02 0.675708325E-02 0.823672574E-02 0.101912456E-01
 0.126347430E-01 0.155750330E-01 0.190134192E-01 0.228305734E-01 0.270330037E-01
 0.315980399E-01 0.365083433E-01 0.417459457E-01 0.472939684E-01 0.531369858E-01
 0.592611279E-01 0.656699404E-01 0.722693534E-01 0.787669884E-01 0.855486944E-01
 0.925384969E-01 0.997285801E-01 0.107114484E+00 0.114689336E+00 0.122440598E+00
 0.130345022E+00 0.138415172E+00 0.146649904E+00 0.154893024E+00 0.163047785E+00
 0.170982737E+00 0.178527803E+00 0.185480578E+00 0.191623796E+00 0.196755630E+00
 0.200726882E+00 0.203472447E+00 0.205024214E+00 0.205500002E+00 0.205073896E+00
 0.134784970E-03 0.254358344E-02 0.797000208E-02 0.164570987E-01 0.229937785E-01
 0.230804523E-01 0.225198328E-01 0.218976165E-01 0.212231130E-01 0.205038104E-01
 0.197458434E-01 0.189546533E-01 0.181355952E-01 0.172943872E-01 0.164372423E-01
 0.155766266E-01 0.147128898E-01 0.138731198E-01 0.130869147E-01 0.123870013E-01
 0.118093901E-01 0.113935809E-01 0.111773976E-01 0.112003107E-01 0.115019182E-01
 0.121207695E-01 0.130935470E-01 0.144550221E-01 0.162399477E-01 0.183737989E-01
 0.208833244E-01 0.237785607E-01 0.270551391E-01 0.306925176E-01 0.346746449E-01
 0.389839560E-01 0.436021604E-01 0.485101471E-01 0.536886312E-01 0.591206082E-01
 0.648028613E-01 0.707727978E-01 0.765182234E-01 0.825132516E-01 0.886703261E-01
 0.949690073E-01 0.101394492E+00 0.107931832E+00 0.114564427E+00 0.121272360E+00
 0.128032457E+00 0.134845538E+00 0.141686619E+00 0.148440880E+00 0.155021075E+00
 0.161333795E+00 0.167273526E+00 0.172727545E+00 0.177585031E+00 0.181749242E+00
 0.185150293E+00 0.187755200E+00 0.189572169E+00 0.190647879E+00 0.191058772E+00
 0.134460027E-03 0.253781224E-02 0.795447316E-02 0.163783854E-01 0.229864958E-01
 0.230765317E-01 0.225652764E-01 0.220287413E-01 0.214759461E-01 0.209132971E-01
 0.203447881E-01 0.197737745E-01 0.192042841E-01 0.186418384E-01 0.180939960E-01
 0.175709459E-01 0.170851319E-01 0.166542193E-01 0.162995524E-01 0.160450546E-01
 0.159160142E-01 0.159628263E-01 0.161941394E-01 0.166413797E-01 0.173344054E-01
 0.183009161E-01 0.195654250E-01 0.211476975E-01 0.230601166E-01 0.253024088E-01
 0.278774944E-01 0.307858005E-01 0.340229713E-01 0.375795311E-01 0.414428525E-01
 0.455974312E-01 0.500249681E-01 0.547040958E-01 0.596093510E-01 0.647048289E-01
 0.699334430E-01 0.752609028E-01 0.806803840E-01 0.861917347E-01 0.917889722E-01
 0.974565190E-01 0.103176066E+00 0.108928873E+00 0.114695696E+00 0.120456623E+00
 0.126197619E+00 0.131939690E+00 0.137653623E+00 0.143232415E+00 0.148607830E+00
 0.153720546E+00 0.158508262E+00 0.162907672E+00 0.166859049E+00 0.170311647E+00
 0.173228881E+00 0.175592258E+00 0.177403188E+00 0.178682308E+00 0.179466561E+00
 0.133204833E-03 0.251463370E-02 0.788575804E-02 0.162633666E-01 0.228160011E-01
 0.228627016E-01 0.223634037E-01 0.219061536E-01 0.214835437E-01 0.210908759E-01
 0.207225330E-01 0.203756349E-01 0.200510128E-01 0.197530291E-01 0.194891379E-01
 0.192695734E-01 0.191071830E-01 0.190175363E-01 0.190186906E-01 0.191308920E-01
 0.193763818E-01 0.197795852E-01 0.203621380E-01 0.211464867E-01 0.221546189E-01
 0.234070708E-01 0.249220144E-01 0.267143692E-01 0.287950106E-01 0.311704359E-01
 0.338440759E-01 0.368161394E-01 0.400832697E-01 0.436384374E-01 0.474711232E-01
 0.515673703E-01 0.559096092E-01 0.604767328E-01 0.652378175E-01 0.701214545E-01
 0.750046976E-01 0.799245443E-01 0.849495553E-01 0.900347002E-01 0.951459186E-01
 0.100255636E+00 0.105340177E+00 0.110379309E+00 0.115355843E+00 0.120252953E+00
 0.125048132E+00 0.129929529E+00 0.134714797E+00 0.139316013E+00 0.143707764E+00
 0.147859916E+00 0.151738548E+00 0.155308934E+00 0.158538435E+00 0.161399323E+00
 0.163871317E+00 0.165943485E+00 0.167615230E+00 0.168896248E+00 0.169805504E+00
 0.130546483E-03 0.246413829E-02 0.772644297E-02 0.159482318E-01 0.222904208E-01
 0.222193805E-01 0.217181114E-01 0.213811287E-01 0.211652282E-01 0.210038023E-01
 0.208724214E-01 0.207645172E-01 0.206825954E-01 0.206336357E-01 0.206272217E-01
 0.206748552E-01 0.207897186E-01 0.209865779E-01 0.212816580E-01 0.216924516E-01
 0.222374486E-01 0.229357319E-01 0.238062494E-01 0.248676703E-01 0.261379757E-01
 0.276339550E-01 0.293706781E-01 0.313609938E-01 0.336151113E-01 0.361403345E-01
 0.389409841E-01 0.420182313E-01 0.453698914E-01 0.489902833E-01 0.528702841E-01
 0.569978181E-01 0.613604017E-01 0.659377437E-01 0.705467926E-01 0.751986508E-01
 0.799163559E-01 0.846938702E-01 0.894933915E-01 0.942758999E-01 0.990040230E-01
 0.103643678E+00 0.108165112E+00 0.112545435E+00 0.116774971E+00 0.120850915E+00
 0.124985784E+00 0.129037995E+00 0.132922802E+00 0.136629579E+00 0.140147605E+00
 0.143462325E+00 0.146556623E+00 0.149412258E+00 0.152011503E+00 0.154338807E+00
 0.156382280E+00 0.158134850E+00 0.159594969E+00 0.160766813E+00 0.161659997E+00
 0.127112976E-03 0.239641320E-02 0.749056797E-02 0.153439056E-01 0.210331780E-01
 0.202431740E-01 0.200142992E-01 0.203511210E-01 0.205965881E-01 0.207598463E-01
 0.208889387E-01 0.210139594E-01 0.211547068E-01 0.213265588E-01 0.215433125E-01
 0.218185054E-01 0.221660283E-01 0.226003918E-01 0.231368002E-01 0.237911009E-01
 0.245796418E-01 0.255190502E-01 0.266259549E-01 0.279167253E-01 0.294071780E-01
 0.311122542E-01 0.330456780E-01 0.352196158E-01 0.376443506E-01 0.403279787E-01
 0.432761113E-01 0.464915203E-01 0.499736733E-01 0.537181264E-01 0.577156414E-01
 0.619522585E-01 0.664407032E-01 0.709332394E-01 0.755734906E-01 0.803005221E-01
 0.850795417E-01 0.898618197E-01 0.945933473E-01 0.992201567E-01 0.103692385E+00
 0.107969115E+00 0.112018035E+00 0.115774515E+00 0.119256721E+00 0.122732442E+00
 0.126040938E+00 0.129188643E+00 0.132180790E+00 0.135020640E+00 0.137708148E+00
 0.140239649E+00 0.142608290E+00 0.144805008E+00 0.146819777E+00 0.148642872E+00
 0.150266016E+00 0.151683293E+00 0.152891780E+00 0.153891871E+00 0.154687307E+00
 0.125395195E-03 0.236471212E-02 0.739760192E-02 0.152281867E-01 0.208579167E-01
 0.201583313E-01 0.198256615E-01 0.200900007E-01 0.203936991E-01 0.206752525E-01
 0.209502441E-01 0.212348387E-01 0.215430851E-01 0.218881785E-01 0.222831432E-01
 0.227411569E-01 0.232757184E-01 0.239007286E-01 0.246305070E-01 0.254797551E-01
 0.264634750E-01 0.275968501E-01 0.288950998E-01 0.303733169E-01 0.320462872E-01
 0.339282881E-01 0.360328664E-01 0.383725941E-01 0.409588068E-01 0.438013258E-01
 0.469081678E-01 0.502852581E-01 0.539360952E-01 0.578601112E-01 0.620453951E-01
 0.664682946E-01 0.710131790E-01 0.757629837E-01 0.806691191E-01 0.856788473E-01
 0.907271687E-01 0.957356160E-01 0.100615581E+00 0.105278112E+00 0.109661363E+00
 0.113637246E+00 0.117181626E+00 0.120334272E+00 0.123129462E+00 0.125685144E+00
 0.128045184E+00 0.130244019E+00 0.132310966E+00 0.134267157E+00 0.136124826E+00
 0.137888400E+00 0.139556307E+00 0.141122895E+00 0.142580189E+00 0.143919366E+00
 0.145131943E+00 0.146210664E+00 0.147150108E+00 0.147947055E+00 0.148600628E+00
 0.124901360E-03 0.235722041E-02 0.739015231E-02 0.152420597E-01 0.211714509E-01
 0.208020691E-01 0.202967241E-01 0.202409026E-01 0.204318045E-01 0.207286806E-01
 0.210764904E-01 0.214611060E-01 0.218842939E-01 0.223539547E-01 0.228805593E-01
 0.234758306E-01 0.241522315E-01 0.249227468E-01 0.258007724E-01 0.268000386E-01
 0.279345412E-01 0.292184736E-01 0.306661613E-01 0.322920035E-01 0.341104167E-01
 0.361357645E-01 0.383822488E-01 0.408637501E-01 0.435936208E-01 0.465844450E-01
 0.498477160E-01 0.533933244E-01 0.572288522E-01 0.613581823E-01 0.657595974E-01
 0.703984348E-01 0.753037410E-01 0.804655276E-01 0.858534755E-01 0.914145216E-01
 0.970600473E-01 0.102653289E+00 0.108070939E+00 0.113036704E+00 0.117339153E+00
 0.121020309E+00 0.124005608E+00 0.126360876E+00 0.128202016E+00 0.129673024E+00
 0.130909204E+00 0.132013449E+00 0.133052943E+00 0.134065635E+00 0.135068586E+00
 0.136065078E+00 0.137049897E+00 0.138013022E+00 0.138942152E+00 0.139824410E+00
 0.140647481E+00 0.141400362E+00 0.142073820E+00 0.142660645E+00 0.143155731E+00
 0.124303129E-03 0.234357537E-02 0.732492363E-02 0.149951610E-01 0.201917793E-01
 0.176773100E-01 0.187348653E-01 0.197876414E-01 0.203344697E-01 0.207815142E-01
 0.212200734E-01 0.216821542E-01 0.221837825E-01 0.227368376E-01 0.233524848E-01
 0.240421044E-01 0.248174797E-01 0.256907913E-01 0.266745772E-01 0.277816902E-01
 0.290252496E-01 0.304185910E-01 0.319752482E-01 0.337090084E-01 0.356340531E-01
 0.377651413E-01 0.401177159E-01 0.427077710E-01 0.455514964E-01 0.486651641E-01
 0.520655447E-01 0.557699046E-01 0.597936996E-01 0.641424626E-01 0.687997191E-01
 0.737588491E-01 0.790681532E-01 0.847716644E-01 0.908674367E-01 0.972886807E-01
 0.104053534E+00 0.110859004E+00 0.117424170E+00 0.123327094E+00 0.128146696E+00
 0.131663901E+00 0.133834401E+00 0.134804083E+00 0.134941062E+00 0.134688687E+00
 0.134352839E+00 0.134086857E+00 0.133951522E+00 0.133960012E+00 0.134102501E+00
 0.134358828E+00 0.134704969E+00 0.135116370E+00 0.135569636E+00 0.136043378E+00
 0.136518617E+00 0.136978934E+00 0.137410484E+00 0.137801929E+00 0.138144304E+00
 0.124975362E-03 0.235840563E-02 0.739192593E-02 0.152629635E-01 0.211319761E-01
 0.207532039E-01 0.202979838E-01 0.203327365E-01 0.206083923E-01 0.209869391E-01
 0.214232992E-01 0.219079193E-01 0.224439138E-01 0.230391413E-01 0.237033526E-01
 0.244471440E-01 0.252815557E-01 0.262179161E-01 0.272678562E-01 0.284433934E-01
 0.297569011E-01 0.312208975E-01 0.328478163E-01 0.346500787E-01 0.366406243E-01
 0.388337971E-01 0.412466018E-01 0.438997571E-01 0.468142071E-01 0.500056177E-01
 0.534929474E-01 0.573050932E-01 0.614808787E-01 0.661083828E-01 0.710623578E-01
 0.761710865E-01 0.817790115E-01 0.879065080E-01 0.947084953E-01 0.102222311E+00
 0.110604038E+00 0.120009482E+00 0.130477166E+00 0.139071669E+00 0.145199647E+00
 0.148413606E+00 0.149576459E+00 0.146846545E+00 0.142879044E+00 0.139725279E+00
 0.137314344E+00 0.135512529E+00 0.134200503E+00 0.133278932E+00 0.132666598E+00
 0.132297243E+00 0.132116575E+00 0.132079810E+00 0.132149778E+00 0.132295494E+00
 0.132491090E+00 0.132715001E+00 0.132949345E+00 0.133179426E+00 0.133393332E+00
 0.125637465E-03 0.236985606E-02 0.741887105E-02 0.152488053E-01 0.210535399E-01
 0.205517782E-01 0.202009572E-01 0.204159728E-01 0.207799634E-01 0.211872450E-01
 0.216287998E-01 0.221122696E-01 0.226485811E-01 0.232492090E-01 0.239248062E-01
 0.246859291E-01 0.255433869E-01 0.265071324E-01 0.275869180E-01 0.287937950E-01
 0.301405069E-01 0.316403631E-01 0.333045739E-01 0.351413715E-01 0.371585247E-01
 0.393659460E-01 0.417696636E-01 0.443979401E-01 0.473669175E-01 0.505889497E-01
 0.540719496E-01 0.578769454E-01 0.620299781E-01 0.665233616E-01 0.714229427E-01
 0.767326528E-01 0.825326846E-01 0.889423466E-01 0.961223192E-01 0.104290868E+00
 0.113777172E+00 0.125088447E+00 0.138888594E+00 0.149670165E+00 0.156873791E+00
 0.159572813E+00 0.160572362E+00 0.154126381E+00 0.146715238E+00 0.141397755E+00
 0.137571484E+00 0.134786772E+00 0.132749067E+00 0.131262452E+00 0.130191241E+00
 0.129437533E+00 0.128928117E+00 0.128606595E+00 0.128428489E+00 0.128358082E+00
 0.128366323E+00 0.128429389E+00 0.128527668E+00 0.128645016E+00 0.128768200E+00
 0.127078209E-03 0.239560416E-02 0.748625119E-02 0.153582346E-01 0.209038769E-01
 0.198408660E-01 0.199097303E-01 0.205828178E-01 0.210499715E-01 0.214432098E-01
 0.218474185E-01 0.222823905E-01 0.227687523E-01 0.233442618E-01 0.239975905E-01
 0.247348679E-01 0.255916384E-01 0.265575562E-01 0.276353458E-01 0.288341036E-01
 0.301661528E-01 0.316718093E-01 0.333631771E-01 0.352164485E-01 0.372409833E-01
 0.394312142E-01 0.418448507E-01 0.444877420E-01 0.473765402E-01 0.505457057E-01
 0.539685410E-01 0.576706051E-01 0.616794729E-01 0.660192555E-01 0.707236062E-01
 0.758375646E-01 0.814230766E-01 0.875656759E-01 0.943819581E-01 0.102033053E+00
 0.110752567E+00 0.120921098E+00 0.133403003E+00 0.143033109E+00 0.149588484E+00
 0.151980961E+00 0.153489804E+00 0.147704539E+00 0.141360591E+00 0.136838821E+00
 0.133456152E+00 0.130890995E+00 0.128940262E+00 0.127461827E+00 0.126351553E+00
 0.125530778E+00 0.124938601E+00 0.124526872E+00 0.124256858E+00 0.124096962E+00
 0.124021131E+00 0.124007732E+00 0.124038719E+00 0.124099026E+00 0.124176093E+00
 0.130215363E-03 0.245802286E-02 0.770844066E-02 0.158995298E-01 0.222590940E-01
 0.222160060E-01 0.218264863E-01 0.216772495E-01 0.217000768E-01 0.218383026E-01
 0.220700087E-01 0.223888545E-01 0.227976188E-01 0.233032642E-01 0.239088208E-01
 0.246187714E-01 0.254411483E-01 0.263784926E-01 0.274324857E-01 0.286131751E-01
 0.299200212E-01 0.314477475E-01 0.331234488E-01 0.349609463E-01 0.369733804E-01
 0.391595137E-01 0.415371375E-01 0.441200533E-01 0.469182878E-01 0.499429794E-01
 0.532051438E-01 0.567175668E-01 0.604958958E-01 0.645585323E-01 0.689270914E-01
 0.736269998E-01 0.786875130E-01 0.841402971E-01 0.900148955E-01 0.963273051E-01
 0.103051796E+00 0.110049755E+00 0.116912008E+00 0.122889273E+00 0.127429334E+00
 0.130273505E+00 0.131369703E+00 0.130865911E+00 0.129348244E+00 0.127544744E+00
 0.125826999E+00 0.124325739E+00 0.123071030E+00 0.122053501E+00 0.121249219E+00
 0.120630104E+00 0.120168318E+00 0.119838018E+00 0.119615942E+00 0.119481485E+00
 0.119416555E+00 0.119405366E+00 0.119434208E+00 0.119491231E+00 0.119566250E+00
 0.132362115E-03 0.249956989E-02 0.784465770E-02 0.161899306E-01 0.227411924E-01
 0.228385158E-01 0.224457607E-01 0.221609557E-01 0.220009240E-01 0.219671345E-01
 0.220558235E-01 0.222632761E-01 0.225873334E-01 0.230272128E-01 0.235829475E-01
 0.242552282E-01 0.250454128E-01 0.259550967E-01 0.269886881E-01 0.281715170E-01
 0.295030363E-01 0.309828925E-01 0.326131497E-01 0.344010082E-01 0.363529435E-01
 0.384759024E-01 0.407770186E-01 0.432607800E-01 0.459314365E-01 0.487957829E-01
 0.518614480E-01 0.551363409E-01 0.586284664E-01 0.623455983E-01 0.662946108E-01
 0.704802207E-01 0.749027029E-01 0.795538969E-01 0.844105390E-01 0.894237746E-01
 0.945043979E-01 0.995071786E-01 0.104227258E+00 0.108428797E+00 0.111903281E+00
 0.114520160E+00 0.116251811E+00 0.117179571E+00 0.117476021E+00 0.117352475E+00
 0.116997576E+00 0.116547634E+00 0.116088462E+00 0.115668662E+00 0.115312489E+00
 0.115029195E+00 0.114819161E+00 0.114677738E+00 0.114597619E+00 0.114570272E+00
 0.114586813E+00 0.114638515E+00 0.114717113E+00 0.114814966E+00 0.114925142E+00
 0.132105635E-03 0.249513409E-02 0.783294696E-02 0.162014533E-01 0.226961483E-01
 0.227772551E-01 0.223327201E-01 0.219723231E-01 0.217233568E-01 0.216005037E-01
 0.216094366E-01 0.217506462E-01 0.220224650E-01 0.224227852E-01 0.229489747E-01
 0.235973570E-01 0.243658545E-01 0.252614073E-01 0.262818775E-01 0.274348940E-01
 0.287612885E-01 0.302080619E-01 0.317734482E-01 0.335089467E-01 0.353877251E-01
 0.374256665E-01 0.396418985E-01 0.420142042E-01 0.445400343E-01 0.472257344E-01
 0.500758332E-01 0.530934815E-01 0.562802703E-01 0.596357078E-01 0.631563245E-01
 0.668343043E-01 0.706555105E-01 0.745967977E-01 0.786226396E-01 0.826814598E-01
 0.867027544E-01 0.905970486E-01 0.942612403E-01 0.975905977E-01 0.100495269E+00
 0.102916159E+00 0.104835184E+00 0.106277081E+00 0.107302092E+00 0.107991540E+00
 0.108431391E+00 0.108699485E+00 0.108859009E+00 0.108957272E+00 0.109027467E+00
 0.109091497E+00 0.109162799E+00 0.109248725E+00 0.109352400E+00 0.109474095E+00
 0.109612231E+00 0.109764090E+00 0.109926311E+00 0.110095244E+00 0.110267189E+00
 0.128796208E-03 0.243438819E-02 0.765410730E-02 0.158275981E-01 0.221892356E-01
 0.221280183E-01 0.215631841E-01 0.211151958E-01 0.208074943E-01 0.206483877E-01
 0.206371383E-01 0.207682105E-01 0.210332188E-01 0.214335461E-01 0.219749176E-01
 0.226368400E-01 0.234176562E-01 0.243260928E-01 0.253614325E-01 0.265268550E-01
 0.278107213E-01 0.292124490E-01 0.307308804E-01 0.324011926E-01 0.342042440E-01
 0.361504122E-01 0.382539271E-01 0.404924867E-01 0.428594896E-01 0.453579874E-01
 0.479889493E-01 0.507515289E-01 0.536428357E-01 0.566574576E-01 0.597867700E-01
 0.630180351E-01 0.663333176E-01 0.697083002E-01 0.731111874E-01 0.765020323E-01
 0.798329768E-01 0.830499556E-01 0.860962375E-01 0.889176715E-01 0.914688089E-01
 0.937185311E-01 0.956537580E-01 0.972802703E-01 0.986204661E-01 0.997087332E-01
 0.100585756E+00 0.101293194E+00 0.101869708E+00 0.102348664E+00 0.102757266E+00
 0.103116673E+00 0.103442670E+00 0.103746538E+00 0.104035955E+00 0.104315804E+00
 0.104588867E+00 0.104856381E+00 0.105118484E+00 0.105374567E+00 0.105623527E+00
 0.120400304E-03 0.228014869E-02 0.720080912E-02 0.150199425E-01 0.209805305E-01
 0.206391777E-01 0.199233558E-01 0.194284583E-01 0.191398238E-01 0.190346383E-01
 0.190922015E-01 0.192959706E-01 0.196336912E-01 0.200993563E-01 0.206897110E-01
 0.213989078E-01 0.222238712E-01 0.231622163E-01 0.242118158E-01 0.253723358E-01
 0.266428618E-01 0.280234110E-01 0.295168851E-01 0.311285561E-01 0.328601425E-01
 0.347130178E-01 0.366874645E-01 0.387792834E-01 0.409835283E-01 0.432976762E-01
 0.457190043E-01 0.482436282E-01 0.508659920E-01 0.535784136E-01 0.563706141E-01
 0.592292280E-01 0.621373313E-01 0.650740639E-01 0.680144589E-01 0.709296290E-01
 0.737874667E-01 0.765539757E-01 0.791952422E-01 0.816798847E-01 0.839816474E-01
 0.860816767E-01 0.879700316E-01 0.896461181E-01 0.911179812E-01 0.924006460E-01
 0.935138976E-01 0.944799475E-01 0.953213715E-01 0.960595435E-01 0.967136291E-01
 0.973000799E-01 0.978325106E-01 0.983218311E-01 0.987765230E-01 0.992029810E-01
 0.996058654E-01 0.999884335E-01 0.100352837E+00 0.100700376E+00 0.101031713E+00
 0.102478059E-03 0.194592627E-02 0.618767713E-02 0.130610089E-01 0.181700238E-01
 0.175292065E-01 0.169334142E-01 0.166710587E-01 0.166265089E-01 0.167459439E-01
 0.170006654E-01 0.173742689E-01 0.178571307E-01 0.184436594E-01 0.191305705E-01
 0.199158135E-01 0.207981218E-01 0.217767749E-01 0.228514671E-01 0.240222612E-01
 0.252895490E-01 0.266540915E-01 0.281170015E-01 0.296794365E-01 0.313421287E-01
 0.331050502E-01 0.349671980E-01 0.369265192E-01 0.389801115E-01 0.411244418E-01
 0.433552619E-01 0.456673279E-01 0.480540856E-01 0.505073720E-01 0.530171462E-01
 0.555712622E-01 0.581553119E-01 0.607525787E-01 0.633441533E-01 0.659092640E-01
 0.684258640E-01 0.708714856E-01 0.732243257E-01 0.754644695E-01 0.775751073E-01
 0.795435730E-01 0.813620431E-01 0.830277875E-01 0.845429422E-01 0.859138613E-01
 0.871501751E-01 0.882637131E-01 0.892674453E-01 0.901745602E-01 0.909977444E-01
 0.917486839E-01 0.924377692E-01 0.930739679E-01 0.936648214E-01 0.942165254E-01
 0.947340591E-01 0.952213391E-01 0.956813780E-01 0.961164386E-01 0.965281749E-01
 0.722760162E-04 0.136600195E-02 0.430043101E-02 0.895595987E-02 0.114277190E-01
 0.120965665E-01 0.125865590E-01 0.130372276E-01 0.135017057E-01 0.140033926E-01
 0.145545272E-01 0.151626645E-01 0.158330980E-01 0.165698734E-01 0.173762439E-01
 0.182548919E-01 0.192080615E-01 0.202376555E-01 0.213453107E-01 0.225324543E-01
 0.238003389E-01 0.251500459E-01 0.265824421E-01 0.280980810E-01 0.296970672E-01
 0.313789215E-01 0.331424757E-01 0.349858119E-01 0.369062367E-01 0.389002564E-01
 0.409635175E-01 0.430907056E-01 0.452754180E-01 0.475100341E-01 0.497856053E-01
 0.520917837E-01 0.544168098E-01 0.567475811E-01 0.590698229E-01 0.613683765E-01
 0.636276128E-01 0.658319609E-01 0.679665229E-01 0.700177257E-01 0.719739448E-01
 0.738260283E-01 0.755676585E-01 0.771955058E-01 0.787091634E-01 0.801108782E-01
 0.814051247E-01 0.825980831E-01 0.836970860E-01 0.847100914E-01 0.856452234E-01
 0.865104037E-01 0.873130817E-01 0.880600583E-01 0.887573883E-01 0.894103483E-01
 0.900234504E-01 0.906004887E-01 0.911446055E-01 0.916583670E-01 0.921438425E-01
 0.405440468E-04 0.750951842E-03 0.224035102E-02 0.416953087E-02 0.595909818E-02
 0.739467351E-02 0.856080933E-02 0.955271466E-02 0.104426675E-01 0.112804830E-01
 0.120998110E-01 0.129237082E-01 0.137684150E-01 0.146457240E-01 0.155644431E-01
 0.165313084E-01 0.175515672E-01 0.186293612E-01 0.197679823E-01 0.209700450E-01
 0.222375966E-01 0.235721801E-01 0.249748549E-01 0.264461853E-01 0.279862061E-01
 0.295943762E-01 0.312695326E-01 0.330098481E-01 0.348127945E-01 0.366751058E-01
 0.385927367E-01 0.405608146E-01 0.425735914E-01 0.446244007E-01 0.467056337E-01
 0.488087443E-01 0.509242944E-01 0.530420509E-01 0.551511407E-01 0.572402702E-01
 0.592980037E-01 0.613130939E-01 0.632748444E-01 0.651734784E-01 0.670004841E-01
 0.687489023E-01 0.704135312E-01 0.719910270E-01 0.734798940E-01 0.748803701E-01
 0.761942252E-01 0.774244967E-01 0.785751936E-01 0.796509942E-01 0.806569633E-01
 0.815983031E-01 0.824801501E-01 0.833074186E-01 0.840846917E-01 0.848161523E-01
 0.855055488E-01 0.861561887E-01 0.867709509E-01 0.873523130E-01 0.879023868E-01
 0.234515911E+01 0.233892327E+01 0.225767412E+01 0.220014498E+01 0.215806412E+01
 0.211204340E+01 0.207801072E+01 0.204527242E+01 0.201469939E+01 0.199122470E+01
 0.196817268E+01 0.194747387E+01 0.193116342E+01 0.191721343E+01 0.190491198E+01
 0.189416190E+01 0.188602952E+01 0.188084762E+01 0.187692821E+01 0.187475040E+01
 0.187416454E+01 0.187594260E+01 0.187981884E+01 0.188534813E+01 0.189265431E+01
 0.190187824E+01 0.191304144E+01 0.192627691E+01 0.194163969E+01 0.195915561E+01
 0.197883466E+01 0.200102048E+01 0.202553322E+01 0.205271261E+01 0.208266694E+01
 0.211571579E+01 0.215168677E+01 0.219120825E+01 0.223455934E+01 0.228182230E+01
 0.233348753E+01 0.239021365E+01 0.245195579E+01 0.251937141E+01 0.259379968E+01
 0.267515617E+01 0.276441651E+01 0.286330349E+01 0.297199850E+01 0.309300787E+01
 0.322811542E+01 0.337754278E+01 0.354622979E+01 0.373739235E+01 0.395172332E+01
 0.420025844E+01 0.448621955E+01 0.482175870E+01 0.521180770E+01 0.568859155E+01
 0.626985274E+01 0.700029604E+01 0.799417906E+01 0.946065292E+01 0.146162456E+02
   71   36
 0.264430058E+00 0.000000000E+00 0.268390960E+00 0.137500000E+00 0.277202221E+00
 0.275000000E+00 0.282617345E+00 0.343750000E+00 0.300478530E+00 0.481250000E+00
 0.312847731E+00 0.550000000E+00 0.344375000E+00 0.678137618E+00 0.370808646E+00
 0.756250000E+00 0.400532453E+00 0.825000000E+00 0.440198468E+00 0.893750000E+00
 0.478125000E+00 0.942899873E+00 0.511562500E+00 0.973541172E+00 0.578437500E+00
 0.101252903E+01 0.645312500E+00 0.102846579E+01 0.712187500E+00 0.103025824E+01
 0.779062500E+00 0.102184336E+01 0.845937500E+00 0.100450706E+01 0.912812500E+00
 0.977311705E+00 0.946250000E+00 0.959553224E+00 0.101312500E+01 0.920939417E+00
 0.104969270E+01 0.893750000E+00 0.111343750E+01 0.840677127E+00 0.114687500E+01
 0.807120121E+00 0.119094610E+01 0.756250000E+00 0.124145939E+01 0.687500000E+00
 0.128062500E+01 0.626242887E+00 0.131406250E+01 0.565320072E+00 0.134750000E+01
 0.496221925E+00 0.138093750E+01 0.417636274E+00 0.140780335E+01 0.343750000E+00
 0.143003589E+01 0.275000000E+00 0.144860120E+01 0.206250000E+00 0.147114637E+01
 0.687500000E-01 0.147409428E+01-0.687500000E-01 0.145761033E+01-0.206250000E+00
 0.144223609E+01-0.275000000E+00 0.141437500E+01-0.374534607E+00 0.138093750E+01
-0.471864217E+00 0.135053289E+01-0.550000000E+00 0.131950993E+01-0.618750000E+00
 0.128391395E+01-0.687500000E+00 0.124718750E+01-0.748397665E+00 0.121375000E+01
-0.798434786E+00 0.118031250E+01-0.843152706E+00 0.113678190E+01-0.893750000E+00
 0.108000000E+01-0.953930897E+00 0.104656250E+01-0.986787586E+00 0.994831442E+00
-0.103125000E+01 0.946250000E+00-0.107334406E+01 0.910048528E+00-0.110000000E+01
 0.845937500E+00-0.115079052E+01 0.812500000E+00-0.117479690E+01 0.745625000E+00
-0.122417488E+01 0.712187500E+00-0.124866795E+01 0.645312500E+00-0.129774258E+01
 0.595788936E+00-0.133128090E+01 0.565923656E+00-0.135631181E+01 0.530445562E+00
-0.130625000E+01 0.484746392E+00-0.123750000E+01 0.451060117E+00-0.116875000E+01
 0.424136687E+00-0.110000000E+01 0.400706897E+00-0.103125000E+01 0.377812500E+00
-0.958641046E+00 0.344375000E+00-0.833907945E+00 0.325914580E+00-0.756250000E+00
 0.310937500E+00-0.677455742E+00 0.291284574E+00-0.550000000E+00 0.277538646E+00
-0.412500000E+00 0.272902947E+00-0.343750000E+00 0.266358404E+00-0.206250000E+00
 0.264050126E+00-0.687500000E-01
 0.185100000E+00 0.000000000E+00 0.185100000E+00 0.100810000E+01 0.279400000E+00
 0.117140000E+01 0.279400000E+00 0.157800000E+01 0.297900000E+00 0.160340000E+01
 0.571200000E+00 0.160340000E+01 0.571200000E+00 0.162800000E+01 0.617000000E+00
 0.162800000E+01 0.119400000E+01 0.140100000E+01 0.104330000E+01 0.143000000E+01
 0.131920000E+01 0.103970000E+01 0.133580000E+01 0.997600000E+00 0.148510000E+01
 0.545000000E+00 0.148900000E+01 0.490000000E+00 0.156380000E+01 0.114100000E+00
 0.157000000E+01 0.763600000E-01 0.157370000E+01 0.382610000E-01 0.157500000E+01
 0.000000000E+00 0.157370000E+01-0.382610000E-01 0.157000000E+01-0.763600000E-01
 0.156380000E+01-0.114100000E+00 0.148900000E+01-0.490000000E+00 0.148510000E+01
-0.545000000E+00 0.133580000E+01-0.997600000E+00 0.131920000E+01-0.103970000E+01
 0.104330000E+01-0.143000000E+01 0.119400000E+01-0.140100000E+01 0.617000000E+00
-0.162800000E+01 0.571200000E+00-0.162800000E+01 0.571200000E+00-0.160340000E+01
 0.297900000E+00-0.160340000E+01 0.279400000E+00-0.157800000E+01 0.279400000E+00
-0.117140000E+01 0.185100000E+00-0.100810000E+01 0.185100000E+00 0.000000000E+00
 0.185100000E+00 0.000000000E+00
    0 0.170000000E+01    0
 $OUT1
 ISHOT   =      108418,
 ITIME   =         361,
 BETAP0  =  0.500000000000000     ,
 RZERO   =  0.850000000000000     ,
 QENP    =  0.950000000000000     ,
 ENP     =   1.00000000000000     ,
 EMP     =   1.00000000000000     ,
 PLASMA  =   776558.752116943     ,
 EXPMP2  =  0.247871916529326     ,  0.245076804985791     ,  0.234514621866526     ,  0.217038993503925     ,
   0.191870113359959     ,  0.164071527708092     ,  0.246038522695824     ,  0.236188331976610     ,  0.218857466470918     ,
   0.193699981063462     ,  0.162101651677932     ,  0.128373297005796     , -9.018809835824952E-003,  0.138979741512310     ,
   1.171158299954646E-002,  9.877007223728182E-002, -0.195762752057519     , -0.177193190049103     , -0.160294482566935     ,
  -0.178838251846782     , -0.161527110094514     , -0.145512102221238     , -0.151400005128539     , -0.158775624910884     ,
  -0.166198201273613     , -0.118222267437397     , -0.120418008623043     , -0.123423795760987     ,
 COILS   = -6.913636292592552E-003, -3.821839293683920E-003, -3.518517530854375E-002, -0.111975935056543     ,
  -0.140063612337495     , -0.153191728993081     , -0.117201909657037     , -2.119175607630493E-002, -2.818732615434377E-002,
  -5.022021476608033E-002, -0.102092554975768     , -0.131265329595353     , -0.146848756457527     , -0.115204543704129     ,
  -0.128063338614789     , -0.130775100808993     , -0.128882633148265     , -0.125608377598440     , -5.259731697204869E-003,
  -1.280843916704506E-002, -3.647086376817564E-002, -4.017931348100413E-002, -2.879638361135195E-002, -5.296455792236044E-002,
  -2.166927016440308E-002, -2.203363288152800E-002, -2.258447389723265E-002, -2.281891623304235E-002, -2.158794251356310E-002,
  -2.181741491984945E-002, -2.234241034604166E-002, -2.302220174957402E-002, -2.335202533293193E-002, -1.986899383502920E-002,
  -1.831968737331378E-002, -1.816757952636989E-002, -1.914119596648773E-002, -2.092897005364963E-002, -1.976287410684223E-002,
  -1.987698121604638E-002, -2.099168800748948E-002, -1.509628171375231E-002,  1.255359922545188E-002, -3.917362101537758E-002,
  -0.189085435009328     , -0.152070115809751     , -0.180593296852651     , -0.178255039679488     , -0.334486831899900     ,
  -0.333575883706718     , -7.600180793382405E-002, -7.409823512153826E-002, -6.844356993575204E-002, -7.463998035864661E-002,
  -7.831838460089363E-002, -7.597196517385493E-002, -7.410502927479429E-002, -7.516600870899159E-002, -7.337168869861917E-002,
  -7.167888702453125E-002, -6.895627805407992E-002, -6.572621138305282E-002, -7.333651099146576E-002, -7.110672360071606E-002,
  -6.890700101298483E-002, -6.671430914246643E-002,
 BTOR    = -0.444585000000000     ,
 RCENTR  =  0.860000000000000     ,
 BRSP    =   3289.88379856808     ,   23.5501210903119     ,  -3849.33843431002     ,  3.204875287218263E-007,
   -8731.71549818810     ,  -8727.38683973030     ,  6.101086568326042E-007,  -6162.16812998559     ,   5519.55263236094     ,
    3295.59695785921     ,  0.482485166672680     ,   334.053174077068     ,   187.058272616473     ,   474.306302360630     ,
    132.200620539643     ,   390.660487500634     ,   841.522099677725     ,   1629.36616650806     ,  -2962.64670987758     ,
    1605.06150033152     ,  -2849.64665680004     ,  -632.675245149842     ,   906.974313402879     ,  -6652.81956373946     ,
    4593.87208403118     ,   726.307902954624     ,   354.329998252519     ,   140.591054223031     ,   390.839675507291     ,
    282.252954031234     ,   202.922646193168     ,  -35.1827737644748     ,   1189.79883268730     ,  -558.193372674857     ,
   -1212.09261262774     ,  -1275.66970384199     ,  -3744.51105852166     ,  -1312.36921368822     ,  -2265.78673193974     ,
   -1936.30568590918     ,  -667.884470809548     ,   637.709813398560     ,   2380.19961427119     ,  -2107.65190227400     ,
   -2028.65547584867     ,   1472.34631995758     ,   92.8305808161628     ,   1581.94286396172     ,  -2269.89759648599     ,
   -1209.28394749063     ,   1681.84428905904     ,   548.575452133691     ,  -2.90700809514939     , -0.188822068040226     ,
    1.42027372342989     ,   1.60846476254089     ,  0.945997533341970     , -0.729444780026278     ,   2.01749542187664     ,
  -2.699343305565137E-002, -0.623712691946226     ,  0.707223770046256     , -0.149404019045315     ,  0.199237518521305     ,
   0.866701938368275     ,  0.543446323879390     ,   1.22190972495752     , -0.273243575245231     ,  0.303246923563060     ,
  -0.479316860120711     ,   1.99633135385756     ,   1.21062657748759     ,  -2.09306000959967     , -0.194430848773292     ,
   0.201378640681849     , -0.561965306748681     , -0.108282217654347     ,  -1.26561078260512     ,  0.860338653387876     ,
   0.640440319712086     , -0.569810053742529     , -0.127928449928215     , -0.221870425551084     ,  0.457111379588978     ,
  -0.410240874855323     ,  0.280269025804657     ,  0.140189026788773     , -0.257080987939557     ,  0.213594782632767     ,
  -0.507105796781497     ,  8.179844985643180E-002,   1.05569519658333     ,  -1.27530469073111     ,  0.309923040692138     ,
   0.726594278238784     ,  0.587529461970001     ,   1.22485850213448     ,  8.373016408696150E-003,  -1.67034320532746     ,
  -0.725910055293647     ,  0.870777225541911     ,  3.784972870373284E-002,  0.225737011947649     ,  0.133364239805234     ,
    1.03422334261008     ,  0.158804432237265     ,  0.762534474069634     ,  0.586428553761344     ,  0.193233099690077     ,
   0.645871402184647     ,  0.491570826901831     ,  -1.60016867568847     , -0.146584503595080     , -0.488955351653600     ,
   0.944349207968241     ,  0.962315603560704     ,  0.464293118185166     , -0.501019571146178     ,  0.283847379159791     ,
  -0.218541381992707     , -0.576878062261356     , -0.146834979068611     ,   1.29343134765323     ,   1.17222228816382     ,
  213*0.000000000000000E+000  ,
 ICURRT  =           2,
 RBDRY   =  0.264430058389533     ,  0.268390959931199     ,  0.277202220621187     ,  0.282617345378090     ,
   0.300478530147403     ,  0.312847730707859     ,  0.344375000000000     ,  0.370808645748487     ,  0.400532452573531     ,
   0.440198468251819     ,  0.478125000000000     ,  0.511562500000000     ,  0.578437500000000     ,  0.645312500000000     ,
   0.712187500000000     ,  0.779062500000000     ,  0.845937500000000     ,  0.912812500000000     ,  0.946250000000000     ,
    1.01312500000000     ,   1.04969269744268     ,   1.11343750000000     ,   1.14687500000000     ,   1.19094610133126     ,
    1.24145939453895     ,   1.28062500000000     ,   1.31406250000000     ,   1.34750000000000     ,   1.38093750000000     ,
    1.40780334620182     ,   1.43003588758313     ,   1.44860120440788     ,   1.47114636612685     ,   1.47409427837871     ,
    1.45761032780562     ,   1.44223608939521     ,   1.41437500000000     ,   1.38093750000000     ,   1.35053288630976     ,
    1.31950992883898     ,   1.28391394999142     ,   1.24718750000000     ,   1.21375000000000     ,   1.18031250000000     ,
    1.13678189532544     ,   1.08000000000000     ,   1.04656250000000     ,  0.994831441800622     ,  0.946250000000000     ,
   0.910048527682565     ,  0.845937500000000     ,  0.812500000000000     ,  0.745625000000000     ,  0.712187500000000     ,
   0.645312500000000     ,  0.595788935571828     ,  0.565923655956155     ,  0.530445562374349     ,  0.484746392454642     ,
   0.451060117286765     ,  0.424136686770223     ,  0.400706897121973     ,  0.377812500000000     ,  0.344375000000000     ,
   0.325914579728633     ,  0.310937500000000     ,  0.291284573768603     ,  0.277538645940920     ,  0.272902947127519     ,
   0.266358404486571     ,  0.264050125785368     , 129*0.000000000000000E+000  ,
 ZBDRY   =  0.000000000000000E+000,  0.137500000000000     ,  0.275000000000000     ,  0.343750000000000     ,
   0.481250000000000     ,  0.550000000000000     ,  0.678137618271402     ,  0.756250000000000     ,  0.825000000000000     ,
   0.893750000000000     ,  0.942899873101930     ,  0.973541172397917     ,   1.01252903114942     ,   1.02846578524271     ,
    1.03025823664866     ,   1.02184336393902     ,   1.00450706107263     ,  0.977311704620237     ,  0.959553223720081     ,
   0.920939416759056     ,  0.893750000000000     ,  0.840677126717058     ,  0.807120121117407     ,  0.756250000000000     ,
   0.687500000000000     ,  0.626242886663588     ,  0.565320072364556     ,  0.496221924836412     ,  0.417636273982597     ,
   0.343750000000000     ,  0.275000000000000     ,  0.206250000000000     ,  6.875000000000009E-002, -6.875000000000009E-002,
  -0.206250000000000     , -0.275000000000000     , -0.374534607415484     , -0.471864216890190     , -0.550000000000000     ,
  -0.618750000000000     , -0.687500000000000     , -0.748397665025243     , -0.798434785930510     , -0.843152705705224     ,
  -0.893750000000000     , -0.953930896502261     , -0.986787586098878     ,  -1.03125000000000     ,  -1.07334405597013     ,
   -1.10000000000000     ,  -1.15079052052312     ,  -1.17479689934103     ,  -1.22417487698278     ,  -1.24866795397493     ,
   -1.29774258148086     ,  -1.33128090463516     ,  -1.35631180927032     ,  -1.30625000000000     ,  -1.23750000000000     ,
   -1.16875000000000     ,  -1.10000000000000     ,  -1.03125000000000     , -0.958641045845198     , -0.833907944844221     ,
  -0.756250000000000     , -0.677455741822824     , -0.550000000000000     , -0.412500000000000     , -0.343750000000000     ,
  -0.206250000000000     , -6.875000000000009E-002, 129*0.000000000000000E+000  ,
 NBDRY   =          71,
 FWTSI   =  0.000000000000000E+000,   2087.88163994409     ,   603.770949274588     ,  0.000000000000000E+000,
    459.031934608404     ,   247.079647663731     ,   511.559811703632     ,  0.000000000000000E+000,   1803.40425808488     ,
    1446.06641938083     ,   445.354118829511     ,   654.342954674357     ,   227.996031209246     ,   610.351458191889     ,
    523.723290275859     ,   713.088657449944     ,   466.941466389051     ,   735.209617194659     ,   2082.74951694843     ,
    2022.29029026640     ,   1666.96113257247     ,   1066.02480375131     ,   1104.68881854967     ,   1402.09750421597     ,
   0.000000000000000E+000,   1029.47658297384     ,  0.000000000000000E+000,   1012.27058510618     ,   1108.66726846013     ,
   0.000000000000000E+000,   1106.05086572421     ,  0.000000000000000E+000,   1084.69957789523     ,  0.000000000000000E+000,
    850.432736319631     ,  0.000000000000000E+000,   1020.36986399482     ,  0.000000000000000E+000,   848.728720652298     ,
   0.000000000000000E+000,   881.584223070006     , 9*0.000000000000000E+000  ,   1127.56351311004     ,   1138.40576165826     ,
   0.000000000000000E+000,   1128.36630173307     ,   845.399123239951     ,   1118.51510945017     ,   1130.91375526623     ,
    1030.11546793996     ,   1133.17134973731     ,   1159.57922279168     ,   1190.51373559449     ,   1231.32386146975     ,
   0.000000000000000E+000,   1165.44089943843     ,   1368.45877066841     ,   1394.49593430875     ,
 FWTCUR  =  9.289511154431611E-005,
 MXITER  =          15,
 NXITER  =           1,
 LIMITR  =          35,
 XLIM    = 2*0.185100000000000       , 2*0.279400000000000       ,  0.297900000000000     , 2*0.571200000000000       ,
   0.617000000000000     ,   1.19400000000000     ,   1.04330000000000     ,   1.31920000000000     ,   1.33580000000000     ,
    1.48510000000000     ,   1.48900000000000     ,   1.56380000000000     ,   1.57000000000000     ,   1.57370000000000     ,
    1.57500000000000     ,   1.57370000000000     ,   1.57000000000000     ,   1.56380000000000     ,   1.48900000000000     ,
    1.48510000000000     ,   1.33580000000000     ,   1.31920000000000     ,   1.04330000000000     ,   1.19400000000000     ,
   0.617000000000000     , 2*0.571200000000000       ,  0.297900000000000     , 2*0.279400000000000       ,
  3*0.185100000000000       , 124*0.000000000000000E+000  ,
 YLIM    =  0.000000000000000E+000,   1.00810000000000     ,   1.17140000000000     ,   1.57800000000000     ,
  2*1.60340000000000        , 2*1.62800000000000        ,   1.40100000000000     ,   1.43000000000000     ,   1.03970000000000     ,
   0.997600000000000     ,  0.545000000000000     ,  0.490000000000000     ,  0.114100000000000     ,  7.636000000000000E-002,
   3.826100000000000E-002,  0.000000000000000E+000, -3.826100000000000E-002, -7.636000000000000E-002, -0.114100000000000     ,
  -0.490000000000000     , -0.545000000000000     , -0.997600000000000     ,  -1.03970000000000     ,  -1.43000000000000     ,
   -1.40100000000000     , 2*-1.62800000000000       , 2*-1.60340000000000       ,  -1.57800000000000     ,  -1.17140000000000     ,
   -1.00810000000000     , 126*0.000000000000000E+000  ,
 ERROR   =  1.000000000000000E-004,
 ICONVR  =           2,
 IBUNMN  =           3,
 PRESSR  = -5.706137155880242E-002,  1.410075294415947E-003,   811.063782714228     ,   8049.80130880636     ,
    20323.0625037130     ,   25947.7334764927     ,   26180.1534065959     ,   22138.4147095562     ,   16051.1520621630     ,
    5392.72332776677     ,   430.103365857195     ,  -339.488368772514     , 120*1.00000000000000        ,
 RPRESS  =  -1.06751906363072     ,  -1.50198803116499     , -0.975509988384126     , -0.629547980513567     ,
  -0.243383087982673     , -2.491097631377232E-002, -1.353961837894749E-002, -0.182389658115238     , -0.378322475726093     ,
  -0.727708563869632     ,  -1.01212886135824     ,  -1.26936669499865     , 120*1.00000000000000        ,
 QPSI    =   2.34515910699113     ,   2.33892327377605     ,   2.25767412167654     ,   2.20014498355165     ,
    2.15806411749712     ,   2.11204339533603     ,   2.07801072070118     ,   2.04527242465275     ,   2.01469938924261     ,
    1.99122469578683     ,   1.96817268314047     ,   1.94747387471927     ,   1.93116342306117     ,   1.91721342764783     ,
    1.90491198399357     ,   1.89416190076021     ,   1.88602951724510     ,   1.88084761570657     ,   1.87692820597238     ,
    1.87475039682410     ,   1.87416453843691     ,   1.87594259950382     ,   1.87981883548274     ,   1.88534813439604     ,
    1.89265430585012     ,   1.90187823859142     ,   1.91304143900506     ,   1.92627691140750     ,   1.94163968995693     ,
    1.95915560815646     ,   1.97883465900597     ,   2.00102047669100     ,   2.02553321725729     ,   2.05271260834731     ,
    2.08266694003048     ,   2.11571578727576     ,   2.15168676940604     ,   2.19120824739770     ,   2.23455933893640     ,
    2.28182230386613     ,   2.33348752627706     ,   2.39021364954165     ,   2.45195578733584     ,   2.51937140903850     ,
    2.59379967759940     ,   2.67515616616154     ,   2.76441650542396     ,   2.86330349337132     ,   2.97199850369145     ,
    3.09300787205257     ,   3.22811541982201     ,   3.37754277895579     ,   3.54622979024263     ,   3.73739235007602     ,
    3.95172332337081     ,   4.20025843577050     ,   4.48621955335485     ,   4.82175869505386     ,   5.21180770037621     ,
    5.68859154506912     ,   6.26985274127922     ,   7.00029604080632     ,   7.99417905566071     ,   9.46065291798371     ,
    14.6162455515571     ,
 PRESSW  = 65*0.000000000000000E+000  ,
 PRES    =   26400.4124588724     ,   26109.9943985617     ,   25803.5817339463     ,   25481.6596285194     ,
    25144.7319356768     ,   24793.3202663396     ,   24427.9630565756     ,   24049.2146352222     ,   23657.6442915078     ,
    23253.8353426744     ,   22838.3842015995     ,   22411.8994444182     ,   21975.0008781456     ,   21528.3186082986     ,
    21072.4921065179     ,   20608.1692781907     ,   20136.0055300722     ,   19656.6628379080     ,   19170.8088140562     ,
    18679.1157751097     ,   18182.2598095179     ,   17680.9198452089     ,   17175.7767172122     ,   16667.5122352800     ,
    16156.8082515097     ,   15644.3457279663     ,   15130.8038043038     ,   14616.8588653882     ,   14103.1836089187     ,
    13590.4461130507     ,   13079.3089040170     ,   12570.4280237509     ,   12064.4520975075     ,   11562.0214014863     ,
    11063.7669304530     ,   10570.3094653619     ,   10082.2586409779     ,   9600.21201349851     ,   9124.75412817610     ,
    8656.45558693999     ,   8195.87211601855     ,   7743.54363356134     ,   7299.99331726117     ,   6865.72667197630     ,
    6441.23059735248     ,   6026.97245544511     ,   5623.39913834134     ,   5230.93613578222     ,   4849.98660278475     ,
    4480.93042726406     ,   4124.12329765550     ,   3779.89577053677     ,   3448.55233825000     ,   3130.37049652393     ,
    2825.59981209595     ,   2534.46099033429     ,   2257.14494286009     ,   1993.81185516954     ,   1744.59025425597     ,
    1509.57607623201     ,   1288.83173395165     ,   1082.38518463242     ,   890.228997477449     ,   712.319421297627     ,
    548.575452133691     ,
 NQPSI   =          65
 $END
 $BASIS
 KPPFNC  =           0,
 KPPKNT  =           3,
 PPKNT   =  0.000000000000000E+000,  0.300000000000000     ,   1.00000000000000     , 17*0.000000000000000E+000  ,
 PPTENS  =   5.00000000000000     ,
 KFFFNC  =           0,
 KFFKNT  =           3,
 FFKNT   =  0.000000000000000E+000,  0.300000000000000     ,   1.00000000000000     , 17*0.000000000000000E+000  ,
 FFTENS  =   5.00000000000000     ,
 KWWFNC  =           0,
 KWWKNT  =           0,
 WWKNT   = 20*0.000000000000000E+000  ,
 WWTENS  =  0.000000000000000E+000,
 PPBDRY  =   277406.477876009     ,  -916837.530980702     ,   640476.903838810     ,   688151.866056414     ,
   -526043.654303484     , 15*0.000000000000000E+000  ,
 PP2BDRY = 20*0.000000000000000E+000  ,
 KPPBDRY = 20*0,
 KPP2BDRY        = 20*0,
 FFBDRY  =  5.074513706335136E-002,  -1.24082240615905     ,  0.919367499558465     , -1.589094056459287E-003,
   7.763819220915363E-004, 15*0.000000000000000E+000  ,
 FF2BDRY = 20*0.000000000000000E+000  ,
 KFFBDRY = 20*0,
 KFF2BDRY        = 20*0,
 WWBDRY  =   238632.652075148     ,  -82.1384017303274     , 18*0.000000000000000E+000  ,
 WW2BDRY = 20*0.000000000000000E+000  ,
 KWWBDRY = 20*0,
 KWW2BDRY        = 20*0
 $END
 $CHIOUT
 SAISIL  =  0.000000000000000E+000,  9.799703096576443E-003,  1.226335415089490E-003,  0.000000000000000E+000,
    1.77612292756274     ,   2.23674926092182     ,  0.120202147511250     ,  0.000000000000000E+000,  2.833882602522636E-004,
   8.029509764679206E-002,  0.112589499657252     ,  0.269532557436009     ,  4.036060556540107E-002,  1.623699688373060E-002,
    8.14758452927950     ,  0.594647970405171     ,   2.93347292218331     ,   1.65811660958003     ,  0.179728649283080     ,
   1.233032669512993E-002,  6.487808817246161E-002,  4.972031901261614E-002,  7.904280692414647E-002,  5.777218806177603E-004,
   0.000000000000000E+000,  4.643560987651825E-002,  0.000000000000000E+000,  3.383644056882998E-002,  3.481165573905735E-002,
   0.000000000000000E+000,  9.737704707036231E-002,  0.000000000000000E+000,  5.735599152576482E-002,  0.000000000000000E+000,
   2.963858490751825E-002,  0.000000000000000E+000,  1.321008638408319E-004,  0.000000000000000E+000,  2.125493441388903E-002,
   0.000000000000000E+000,  8.944815947955131E-002, 9*0.000000000000000E+000  ,   2.03381966565492     ,  0.173137003325609     ,
   0.000000000000000E+000,  6.252942901901809E-004,  0.738363692187063     ,  0.185417314191447     ,  0.130994535846736     ,
    1.11075714474269     ,  0.914676505820365     ,  2.466084775455475E-002,  3.235831822793270E-002,  1.436102350903357E-003,
   0.000000000000000E+000,  4.707148645022232E-002,  0.109686359462669     ,  5.331623589843481E-002,
 SAIMPI  =  0.783455937181804     ,  8.299764390725352E-002,  0.279316272710280     ,   3.81285690717210     ,
   0.402374235931221     ,  0.650065889646093     ,  4.993635743271611E-002,  0.000000000000000E+000,  2.170115442129223E-002,
    9.09836942973759     ,  7.296704068235779E-002,   3.74065391958543     , 4*0.000000000000000E+000  ,   2.64274627954203     ,
    1.02709232284351     ,  0.000000000000000E+000,  0.221605286518504     ,   4.54062408794843     ,  8.727260501453733E-002,
   0.491804646700552     ,  0.285706024650919     ,  0.216700448691504     ,  8.351331270274755E-002,  2.932715492557480E-002,
   7.911703957366641E-002,
 SAIPR   =  0.000000000000000E+000,
 SAIIP   =  0.000000000000000E+000
 $END
                                            KIN
