 -9.915651684209309e-01  -5.069710800869371e+02
 -9.558239495713978e-01   1.385924948889776e+03
 -8.926024664975557e-01  -1.729512527512267e+03
 -8.037049589725231e-01   1.400159558133540e+03
 -6.916870430603532e-01  -7.916434221273678e+02
 -5.597708310739475e-01   3.122202458902182e+02
 -4.117511614628426e-01  -8.069146562278169e+01
 -2.518862256915055e-01   1.189080097391863e+01
 -8.477501304173529e-02  -3.770585380920011e-01
  8.477501304173529e-02  -3.770585379486420e-01
  2.518862256915055e-01   1.189080097108004e+01
  4.117511614628426e-01  -8.069146560534483e+01
  5.597708310739475e-01   3.122202458286709e+02
  6.916870430603532e-01  -7.916434219820235e+02
  8.037049589725231e-01   1.400159557890686e+03
  8.926024664975557e-01  -1.729512527224754e+03
  9.558239495713978e-01   1.385924948665997e+03
  9.915651684209309e-01  -5.069710800063730e+02
