 -9.978304624840858e-01  -2.370763065337607e+00
 -9.885864789022123e-01  -8.181667077901314e-02
 -9.720276910496980e-01   2.140169556187191e+00
 -9.482729843995076e-01   2.520675380752111e+00
 -9.174977745156591e-01   7.085661950016020e-01
 -8.799298008903971e-01  -1.819271801993064e+00
 -8.358471669924753e-01  -2.808185557676485e+00
 -7.855762301322066e-01  -1.118150194369488e+00
 -7.294891715935566e-01   1.974290056523884e+00
 -6.680012365855210e-01   3.424527802095672e+00
 -6.015676581359806e-01   1.141420230715159e+00
 -5.306802859262452e-01  -3.075465301896946e+00
 -4.558639444334203e-01  -3.763159219147007e+00
 -3.776725471196892e-01   2.186818189824050e+00
 -2.966849953440283e-01   6.420761841181085e+00
 -2.135008923168656e-01  -6.870579144433949e+00
 -1.287361038093848e-01   2.522531789704407e+00
 -4.301819847370861e-02  -1.323700863509908e-01
  4.301819847370861e-02  -1.323700863457605e-01
  1.287361038093848e-01   2.522531789647625e+00
  2.135008923168656e-01  -6.870579144301985e+00
  2.966849953440283e-01   6.420761841105238e+00
  3.776725471196892e-01   2.186818189748193e+00
  4.558639444334203e-01  -3.763159219113578e+00
  5.306802859262452e-01  -3.075465301826242e+00
  6.015676581359806e-01   1.141420230784354e+00
  6.680012365855210e-01   3.424527801980273e+00
  7.294891715935566e-01   1.974290056459363e+00
  7.855762301322066e-01  -1.118150194342107e+00
  8.358471669924753e-01  -2.808185557623396e+00
  8.799298008903971e-01  -1.819271801932196e+00
  9.174977745156591e-01   7.085661950133750e-01
  9.482729843995076e-01   2.520675380642497e+00
  9.720276910496980e-01   2.140169556134462e+00
  9.885864789022123e-01  -8.181667067939005e-02
  9.978304624840858e-01  -2.370763065351329e+00
