 -9.978304624840858e-01   5.565719664247784e-03
 -9.885864789022123e-01   1.291594728406410e-02
 -9.720276910496980e-01   2.018151529773517e-02
 -9.482729843995076e-01   2.729862149856836e-02
 -9.174977745156591e-01   3.421381077030748e-02
 -8.799298008903971e-01   4.087575092364523e-02
 -8.358471669924753e-01   4.723508349026605e-02
 -7.855762301322066e-01   5.324471397775968e-02
 -7.294891715935566e-01   5.886014424532455e-02
 -6.680012365855210e-01   6.403979735501543e-02
 -6.015676581359806e-01   6.874532383573630e-02
 -5.306802859262452e-01   7.294188500565300e-02
 -4.558639444334203e-01   7.659841064587063e-02
 -3.776725471196892e-01   7.968782891207156e-02
 -2.966849953440283e-01   8.218726670433965e-02
 -2.135008923168656e-01   8.407821897966179e-02
 -1.287361038093848e-01   8.534668573933850e-02
 -4.301819847370861e-02   8.598327567039463e-02
  4.301819847370861e-02   8.598327567039463e-02
  1.287361038093848e-01   8.534668573933850e-02
  2.135008923168656e-01   8.407821897966179e-02
  2.966849953440283e-01   8.218726670433965e-02
  3.776725471196892e-01   7.968782891207156e-02
  4.558639444334203e-01   7.659841064587063e-02
  5.306802859262452e-01   7.294188500565300e-02
  6.015676581359806e-01   6.874532383573630e-02
  6.680012365855210e-01   6.403979735501543e-02
  7.294891715935566e-01   5.886014424532455e-02
  7.855762301322066e-01   5.324471397775968e-02
  8.358471669924753e-01   4.723508349026605e-02
  8.799298008903971e-01   4.087575092364523e-02
  9.174977745156591e-01   3.421381077030748e-02
  9.482729843995076e-01   2.729862149856836e-02
  9.720276910496980e-01   2.018151529773517e-02
  9.885864789022123e-01   1.291594728406410e-02
  9.978304624840858e-01   5.565719664247784e-03
