 -9.915651684209309e-01   2.161601352648413e-02
 -9.558239495713978e-01   4.971454889496922e-02
 -8.926024664975557e-01   7.642573025488925e-02
 -8.037049589725231e-01   1.009420441062870e-01
 -6.916870430603532e-01   1.225552067114784e-01
 -5.597708310739475e-01   1.406429146706506e-01
 -4.117511614628426e-01   1.546846751262652e-01
 -2.518862256915055e-01   1.642764837458327e-01
 -8.477501304173529e-02   1.691423829631436e-01
  8.477501304173529e-02   1.691423829631436e-01
  2.518862256915055e-01   1.642764837458327e-01
  4.117511614628426e-01   1.546846751262652e-01
  5.597708310739475e-01   1.406429146706506e-01
  6.916870430603532e-01   1.225552067114784e-01
  8.037049589725231e-01   1.009420441062870e-01
  8.926024664975557e-01   7.642573025488925e-02
  9.558239495713978e-01   4.971454889496922e-02
  9.915651684209309e-01   2.161601352648413e-02
